13 0.15928571428571428 0.2409090909090909 0.21285714285714286 0.09696969696969697
11 0.37214285714285716 0.24166666666666667 0.21285714285714286 0.09545454545454546
4 0.27214285714285713 0.4772727272727273 0.055714285714285716 0.37575757575757573
5 0.3917857142857143 0.4772727272727273 0.052142857142857144 0.37575757575757573
6 0.45571428571428574 0.4772727272727273 0.07571428571428572 0.37272727272727274
17 0.5203571428571429 0.4772727272727273 0.05357142857142857 0.37272727272727274
1 0.8967857142857143 0.478030303030303 0.062142857142857146 0.37424242424242427
9 0.3325 0.478030303030303 0.065 0.37424242424242427
8 0.6096428571428572 0.478030303030303 0.12357142857142857 0.37424242424242427
16 0.14892857142857144 0.5462121212121213 0.19071428571428573 0.39545454545454545
7 0.30464285714285716 0.7045454545454546 0.12071428571428572 0.07878787878787878
0 0.43857142857142856 0.7045454545454546 0.1457142857142857 0.07575757575757576
18 0.8496428571428571 0.7053030303030303 0.15642857142857142 0.07727272727272727
10 0.5675 0.7053030303030303 0.11214285714285714 0.0803030303030303
14 0.6978571428571428 0.7053030303030303 0.14857142857142858 0.07727272727272727
2 0.41214285714285714 0.7833333333333333 0.7185714285714285 0.07878787878787878
12 0.85 0.7840909090909091 0.15571428571428572 0.0803030303030303
3 0.4903571428571429 0.8628787878787879 0.875 0.07727272727272727