15 0.7614285714285715 0.15833333333333333 0.31857142857142856 0.12575757575757576
13 0.1982142857142857 0.26590909090909093 0.19071428571428573 0.08636363636363636
11 0.3892857142857143 0.26666666666666666 0.19142857142857142 0.08787878787878788
9 0.3535714285714286 0.47878787878787876 0.05857142857142857 0.33636363636363636
6 0.46464285714285714 0.47878787878787876 0.06785714285714285 0.33636363636363636
17 0.5225 0.47878787878787876 0.047857142857142855 0.33636363636363636
8 0.6007142857142858 0.47878787878787876 0.10857142857142857 0.33636363636363636
1 0.8603571428571428 0.47954545454545455 0.055 0.3378787878787879
4 0.29964285714285716 0.47954545454545455 0.04928571428571429 0.3378787878787879
5 0.4067857142857143 0.47954545454545455 0.04642857142857143 0.3378787878787879
16 0.18892857142857142 0.5416666666666666 0.17214285714285715 0.353030303030303
10 0.5767857142857142 0.6825757575757576 0.15642857142857142 0.07121212121212121
7 0.3289285714285714 0.6833333333333333 0.10785714285714286 0.0696969696969697
0 0.44107142857142856 0.6833333333333333 0.115 0.0696969696969697
14 0.7014285714285714 0.6833333333333333 0.09285714285714286 0.0696969696969697
18 0.8178571428571428 0.6848484848484848 0.14 0.0696969696969697
12 0.8178571428571428 0.7537878787878788 0.14 0.07121212121212121
2 0.4253571428571429 0.7537878787878788 0.645 0.07121212121212121
3 0.4957142857142857 0.825 0.7857142857142857 0.07121212121212121