8 0.6364549019607842 0.48963167356494836 0.16235294117647064 0.2059032568251182
13 0.2199843137254902 0.342259291776412 0.18901960784313726 0.06375684602199083
1 0.8560627450980391 0.497470630043062 0.06666666666666643 0.1964965090513817
15 0.7792 0.31612943684936656 0.22823529411764684 0.059576069233663605
2 0.44821960784313725 0.6406622350432711 0.6266666666666668 0.06480204021907292
16 0.2133176470588235 0.5073999749153392 0.1662745098039215 0.21426481040177267
3 0.49763137254901957 0.6824700029265438 0.723921568627451 0.060621263430745566
4 0.32076862745098045 0.47708934319996654 0.050196078431372554 0.20381286843095453
7 0.34821960784313727 0.5988544671599983 0.10509803921568628 0.04180776788327274
6 0.47567058823529407 0.4844057025795393 0.06352941176470595 0.20381286843095453
12 0.811356862745098 0.6537271625067939 0.10901960784313723 0.04076257368619066
17 0.5316216216216216 0.486227165331643 0.06 0.2016942315449778
9 0.3737837837837838 0.47974413646055436 0.056756756756756746 0.20457557770990606
5 0.424054054054054 0.4815449778136346 0.04810810810810803 0.20241456808620992
0 0.4508108108108108 0.6025615167406212 0.10162162162162167 0.04105918285022766
10 0.5532432432432433 0.6072437042586296 0.10432432432432433 0.04033884630899565
14 0.654054054054054 0.6097648821529419 0.10270270270270267 0.04249985593269167
18 0.7859459459459459 0.6144470696709503 0.1675675675675675 0.04033884630899565
11 0.4381081081081081 0.3551259148274074 0.2524324324324325 0.06483028871088575