13 0.8387743017103483 0.6697870524178664 0.22033038021410112 0.036048818752307164
11 0.5871735360726379 0.6697352078301402 0.28638089720338333 0.03620996504883627
15 0.21011775922490208 0.716480010564832 0.34894437573009 0.057712005256648234
16 0.8491098985890653 0.5584232390873016 0.2011684303350969 0.14493427579365079
4 0.7220017636684304 0.5839998759920635 0.062003968253968256 0.13615038029100543
9 0.6591076753352026 0.5840778656108092 0.06980330708509451 0.135820354826836
5 0.5998218869505998 0.5838195426685526 0.0543506731625544 0.13530370894232288
6 0.5395024393354211 0.5838986468436627 0.07023998101705564 0.13514938603941754
17 0.4742944795373052 0.5843404280904281 0.06274640656539111 0.13452982202982194
8 0.3532785080368553 0.5851456961330631 0.18097444261879675 0.13522194782168193
1 0.09127788003766354 0.5860460672595886 0.05486526011268336 0.13312758631338414
18 0.1634057738057425 0.5052680535571261 0.19912104764884128 0.028965594293739384
14 0.32284721832719476 0.5040942413741709 0.12017857921862636 0.028584004024144818
10 0.44380396493072544 0.5032788940944429 0.12143682918330793 0.029241185872283467
7 0.6869852289524059 0.5018405144015907 0.12489136072444879 0.02875714026289474
0 0.5645107317829617 0.5027679796198314 0.1218767009124879 0.02816970409563011
2 0.5678158523685373 0.4744371062428408 0.7574708971284141 0.03351666053019146
12 0.12659914712153517 0.47757018219262914 0.12520071599673588 0.02877932289263783
3 0.5049042075843768 0.446536044973545 0.8816485092310699 0.03483796296296297