13 0.18921095008051533 0.11594202898550726 0.2084451601359814 0.07380568974771874
11 0.4253891572732153 0.11996779388083736 0.2639112542494186 0.07648953301127213
15 0.7880496438467453 0.06015834675254964 0.23417765591678635 0.07227589908749327
16 0.16863481839327252 0.3205850778314547 0.19770978708176776 0.2710681696188943
4 0.29253891572732155 0.2769726247987118 0.059044551798175 0.2509393451422437
9 0.35011815080114267 0.2783700742221482 0.0673428717739895 0.2510504007255631
5 0.4075817029756727 0.28052177614896256 0.051162690259808394 0.249208728968849
6 0.46494499663748373 0.2803274288781536 0.07207815845163841 0.24959742351046701
17 0.5260332796564681 0.2796564680622652 0.060833780640544115 0.2536231884057971
8 0.6472535337269638 0.27093397745571657 0.18160672750044737 0.25764895330112725
1 0.9057971014492755 0.28368223295759526 0.06530685274646628 0.2563070316693506
7 0.32027196278404013 0.43062265163714447 0.1198783324387189 0.05636070853462153
0 0.43746645195920564 0.43228617172895034 0.1198783324387189 0.055717511614563224
10 0.554213633923779 0.4292807300053677 0.11540526033279674 0.06172839506172841
14 0.6749865807836822 0.42257112184648427 0.1279298622293791 0.059044551798174895
18 0.8394736414060086 0.4294393207436686 0.20332145936010684 0.06946274337578696
2 0.5257165110310739 0.48238422876104037 0.5767652244935869 0.0655589713560728
12 0.8791416581271654 0.48808739569609133 0.13114234128726895 0.06488801054018455
3 0.6526322492791866 0.544015029522276 0.593107303195071 0.06575415995705845
12 0.9089723526343244 0.7511737089201878 0.13823682837767348 0.08294209702660409
18 0.869848721961398 0.6842723004694835 0.21022430881585802 0.08998435054773084
14 0.7003129890453833 0.6631455399061033 0.1298904538341158 0.06651017214397494
10 0.5766823161189358 0.655320813771518 0.12050078247261345 0.052425665101721426
0 0.4571851851851852 0.65 0.122074074074074 0.04399999999999993
7 0.3257103257103257 0.6418918918918918 0.1478401478401479 0.03060753060753048
2 0.5154502541757443 0.7059640522875817 0.6545025417574436 0.1293572984749455
1 0.9475490196078431 0.6569444444444444 0.057189542483660115 0.020424836601307245
3 0.5463144517066085 0.7699618736383442 0.8669208424110387 0.15931372549019612
2 0.4718954248366013 0.9084422657952069 0.84880174291939 0.1775599128540307
3 0.33972403776325344 0.9438453159041393 0.5390704429920117 0.10675381263616575
18 0.8478176830028682 0.9681210250654696 0.22288315251278207 0.05820239431350526
14 0.6736539780521262 0.9362139917695474 0.13417352537722907 0.05050505050505068
10 0.5470016523257264 0.9074541713430602 0.124353098890136 0.04723157500935271
7 0.3020950243172465 0.859521137298915 0.1265743858336451 0.03741114852225975
0 0.42492829529866566 0.8838383838383836 0.1265743858336451 0.043022820800598535