15 0.7759790463567801 0.28010582010582014 0.14831645050332942 0.0761904761904762
1 0.9306068351793998 0.5430687830687831 0.061219981697118966 0.2232804232804233
8 0.5967370380889268 0.5425396825396825 0.21395436902395149 0.22010582010582008
18 0.8318343904825019 0.686984126984127 0.2575026034270567 0.07301587301587309
13 0.12934871743662832 0.3908957087716643 0.18309624747708575 0.08745351799994959
11 0.35515577171889295 0.3900611772486773 0.26920816371611606 0.08446097883597882
5 0.3281895926031115 0.5441269841269841 0.06690018618448035 0.2232804232804233
0 0.35974628419956456 0.6896296296296296 0.13001356937738653 0.06984126984126987
2 0.4222285335605415 0.7488888888888889 0.7687210072895958 0.052910052910053004
12 0.8835873647006848 0.7488888888888889 0.15273438732683273 0.052910052910053004
16 0.11888529661344827 0.6028571428571429 0.16489279154384415 0.24338624338624337
3 0.4985957272239579 0.7975661375661376 0.9227176622802866 0.04656084656084659
6 0.3925652434598757 0.5435978835978835 0.06437565085676424 0.2222222222222221
10 0.49939596868549474 0.6889952153110048 0.15029440581392028 0.07017543859649132
14 0.6385134171050254 0.6877990430622011 0.12984295185822858 0.0693779904306219
9 0.2715847770519738 0.5427827380952379 0.04615166145981257 0.22247023809523814
4 0.22521123260437376 0.5435267857142857 0.04748295938653788 0.22247023809523814
7 0.24784171682235354 0.6902054794520548 0.0959993463874289 0.06963470319634704
17 0.457201993518342 0.5435159817351598 0.06536125711484513 0.22146118721461183