13 0.14140625 0.20729166666666668 0.265625 0.08958333333333333
11 0.43671875 0.18229166666666666 0.334375 0.10208333333333333
15 0.828515625 0.07291666666666667 0.33984375 0.1125
7 0.337109375 0.5354166666666667 0.15546875 0.07708333333333334
0 0.48515625 0.5197916666666667 0.1515625 0.07916666666666666
10 0.630859375 0.503125 0.14765625 0.07916666666666666
2 0.474609375 0.5817708333333333 0.91953125 0.17604166666666668
3 0.50703125 0.6322916666666667 0.984375 0.19583333333333333
14 0.770703125 0.48385416666666664 0.14609375 0.07604166666666666
18 0.9171875 0.4640625 0.1625 0.08229166666666667
12 0.962109375 0.5130208333333334 0.07265625 0.06770833333333333
16 0.136328125 0.4390625 0.24609375 0.32395833333333335
4 0.2875 0.37083333333333335 0.08125 0.28541666666666665
8 0.719140625 0.3307291666666667 0.23359375 0.28854166666666664
9 0.36171875 0.3645833333333333 0.096875 0.2833333333333333
5 0.43203125 0.3578125 0.08125 0.28020833333333334
1 0.977734375 0.29270833333333335 0.04140625 0.2604166666666667
6 0.5046875 0.3494791666666667 0.103125 0.28229166666666666
17 0.58046875 0.34322916666666664 0.0953125 0.278125