13 0.1837737127371274 0.21035098155859605 0.2032520325203252 0.10707911957168353
11 0.4196307588075881 0.21008301253595973 0.2701558265582655 0.10761505761695618
15 0.786790780141844 0.11052726194838204 0.24379432624113473 0.10335796034965895
16 0.1736111111111111 0.5365457069204839 0.1829268292682927 0.42236763831052937
4 0.2921747967479675 0.46288808976367257 0.0558943089430894 0.3991494599729524
9 0.35046616685890036 0.46333023883872054 0.06295655517108803 0.40172166427546624
5 0.40572604579852023 0.4623185929724096 0.05236904661434162 0.3963225602380085
6 0.46356173985615284 0.46288808976367257 0.06711771269961844 0.3991494599729524
17 0.5242574971164937 0.464596168453034 0.06091407151095728 0.4025656173516753
8 0.6406673441734417 0.4641681538766607 0.1719173441734417 0.4005552250644458
1 0.8909214092140921 0.46515962720602816 0.05420054200542002 0.3985722784057109
7 0.32307285659361784 0.7050961729129487 0.11774317570165328 0.08526670632559993
0 0.43866915940275175 0.7034239962551565 0.11458786343209736 0.08588824632748505
10 0.5540422719800968 0.7061078187792595 0.11650895197476577 0.08720930791044772
14 0.6701720023255596 0.7069380490412213 0.11629556174454478 0.08498456526467524
18 0.8220886028304728 0.7051333138186201 0.19355992171032835 0.08519242451425658
2 0.4385131712259372 0.7886996149226079 0.712386018237082 0.08462734164001143
12 0.8565352518604551 0.788755172252837 0.12466662365036356 0.08725353717569616
3 0.5009109789046219 0.8738397501848841 0.83591516956203 0.08884637708412822