15 0.808984375 0.23489583333333333 0.37890625 0.128125
13 0.141796875 0.35572916666666665 0.22890625 0.08645833333333333
11 0.407421875 0.3453125 0.30703125 0.08854166666666667
8 0.6625 0.5171875 0.203125 0.296875
1 0.9573676734449762 0.5088541666666667 0.07098534688995244 0.2947916666666667
16 0.126953125 0.5890625 0.20703125 0.309375
7 0.295703125 0.7057291666666666 0.13515625 0.06770833333333333
5 0.390234375 0.528125 0.05859375 0.2875
6 0.455859375 0.5255208333333333 0.07734375 0.28854166666666664
10 0.5625742510330578 0.6967846074380165 0.13891399793388431 0.06648588154269959
17 0.5279829545454545 0.5247073002754821 0.07102272727272733 0.29183884297520657
9 0.3268595041322314 0.5298725895316804 0.07166838842975203 0.2883953168044078
4 0.2604674948829845 0.5322060316079456 0.06240695238279139 0.28889372190807605
18 0.8788501794258373 0.6868022328548645 0.2310107655502393 0.0697767145135567
12 0.9222114234449762 0.7500996810207338 0.14877392344497622 0.0647926634768742
14 0.6975553229665072 0.6947767145135567 0.1375598086124402 0.06379585326953739
2 0.4366402511961723 0.7630582137161085 0.8283492822966506 0.09070972886762357
3 0.5093301435406699 0.8228668261562999 0.9782147129186602 0.08871610845295047
0 0.4287903708133972 0.7022527910685806 0.1323265550239235 0.06479266347687394