13 0.19249109048392204 0.24555610264537495 0.20338122517333987 0.10124367588733672
15 0.780357790803753 0.11419394325576877 0.3335450912791209 0.13800214940114217
11 0.42586083804711955 0.2399865365638926 0.26365269107868916 0.1023349842633286
16 0.1835016835016835 0.5491291654082352 0.18294051627384958 0.39514748817074397
8 0.6428170594837261 0.47173562871237285 0.17003367003367 0.37375415282392027
4 0.2993827160493827 0.4789727279969022 0.05331088664422 0.37564403648308264
9 0.35718294051627386 0.4773985704218262 0.061167227833894534 0.37501258431490986
0 0.44388327721661053 0.699511728581496 0.11335578002244667 0.07928118393234676
5 0.4110549943883277 0.4767693546763314 0.04994388327721666 0.37375415282392027
6 0.46836708023922635 0.4742882498650942 0.06580262288024843 0.37382566916540433
17 0.5294612794612794 0.4742673170516432 0.05892255892255889 0.37126694055652315
1 0.8888888888888888 0.46670190274841433 0.05274971941638594 0.37123728984194104
12 0.855780022446689 0.7725007550588945 0.12121212121212112 0.08431490989630523
18 0.8218294051627385 0.6944780026175374 0.18799102132435472 0.08179804691432599
10 0.5579473798651879 0.6976094037487566 0.11625715735304766 0.08061842130926915
14 0.6717348927875243 0.6968001398845952 0.11228070175438595 0.08043364224514778
7 0.33119155827195323 0.7031099906751824 0.11367079350154106 0.08012782966041729
2 0.44417211328976036 0.7797293335939026 0.7031590413943355 0.09404924760601897
3 0.5052213729182823 0.8576942207706891 0.8230789114139064 0.09690391726260855