13 0.27681826904624834 0.4181059297639608 0.15256188831318362 0.05037420840529655
11 0.4514488581846095 0.41234887737478415 0.19765879869506814 0.0518134715025907
16 0.2602667434273652 0.5685089234312032 0.1511226252158895 0.20437535981577434
15 0.7198714258299751 0.35837651122625214 0.18470543081942037 0.0518134715025907
1 0.8134235271540972 0.5166954519286125 0.05709076952600269 0.18998272884283235
18 0.7683206834143321 0.6325561312607946 0.15593203558929772 0.04461715601611963
12 0.7997505277298024 0.6732153137593553 0.10458645173671083 0.04533678756476686
8 0.6193628862022645 0.5220733813555752 0.14008827480330074 0.18642318547537812
7 0.3752029139016767 0.6419484754055034 0.09204283847950992 0.04469142404071312
2 0.466917095030974 0.683570581257414 0.5693950177935942 0.05931198102016613
5 0.43981481481481477 0.5279006882989183 0.03810226155358902 0.1855948869223206
6 0.48365290068829886 0.5263643067846607 0.051212717141920744 0.18498033431661756
17 0.5311783021960013 0.5251352015732546 0.04793510324483771 0.18498033431661756
0 0.46521632251720746 0.6394419862340216 0.09054408390691572 0.04486234021632261
4 0.35295804654211727 0.5311347970784293 0.04547689282202559 0.18527219542032927
9 0.39684751641273375 0.5295429208472686 0.04861885296667912 0.18487551096246746
3 0.5173314339981007 0.725071225071225 0.6747388414055081 0.061253561253561156
14 0.6460214631592723 0.6343246957204555 0.09193822798063075 0.04367883784844903
10 0.5558827378615364 0.6367785630153121 0.09291977489857361 0.044660384766391795