13 0.18419871977150512 0.1983336272262388 0.21042255123125625 0.10580144595309468
11 0.42526839933524174 0.19759889496267563 0.2729806070027108 0.10727091048022101
15 0.7990369850808515 0.09179744900958091 0.24960032353257133 0.10433198142596839
1 0.9061439593562207 0.45034679362840185 0.05560716068573726 0.40410274495973664
4 0.29446519181310943 0.4562246517369071 0.0556071606857375 0.40704167401398933
16 0.17377237714292937 0.5282284135660965 0.18704226776111674 0.4305531064480105
8 0.6495927407379323 0.4481425968377124 0.17693187490916437 0.4085111385411156
18 0.8356871591691786 0.6942779051313702 0.19778456016631615 0.0837594780461998
9 0.3532318502650818 0.4547551872097808 0.06318995532470165 0.40410274495973664
5 0.40915496072744273 0.4518162581555281 0.051183863813008365 0.40410274495973664
6 0.4672897196261682 0.4518162581555281 0.06887705130392464 0.40704167401398916
17 0.5307956247274934 0.45108152589196493 0.060662357111713444 0.4085111385411156
10 0.5617587028365971 0.6957473696584964 0.11879711601043891 0.0837594780461998
14 0.6789760699639186 0.6957473696584965 0.12069281467018006 0.0866984071004526
12 0.8720213834808818 0.7802415799682596 0.1263799106494033 0.08522894257332621
7 0.32574421969883666 0.698686298712749 0.11816521645719197 0.0866984071004526
0 0.4429615868261581 0.698686298712749 0.11879711601043903 0.0866984071004526
2 0.44517323526252267 0.782445776758949 0.7298439840003034 0.09257626520895765
3 0.5080472408106007 0.866205254805149 0.8543281959899655 0.09257626520895793