13 0.18724218204392024 0.2104859408234372 0.20211427536794185 0.10467411819793047
11 0.4211891828974936 0.20833369258138407 0.26823387910297203 0.1012188567864831
15 0.7830460929618996 0.10434986063415812 0.2513983083727788 0.09191329960543256
16 0.1769047619047619 0.5247148288973384 0.18027210884353745 0.40738728951656716
4 0.29401968391919503 0.45120071189140115 0.05318512195752826 0.3837008498262611
9 0.3505504019789734 0.45099712888957866 0.0625726654298083 0.3879878947776829
5 0.4064965986394558 0.45196709862652285 0.051020408163265266 0.3899278342515713
6 0.4638945578231293 0.4529370683634671 0.06547619047619037 0.3879878947776829
17 0.5248830138115852 0.45196709862652285 0.05914553700267978 0.3860479553037945
8 0.6392496392496393 0.4493605254061528 0.16955266955266968 0.38516616463384523
1 0.889592418716536 0.4497549775306326 0.05421652311114561 0.3865923185477982
7 0.3236745001030715 0.6859743551758761 0.11632446918161207 0.08147745790331348
0 0.4393980622552051 0.684328345925304 0.11616986188414766 0.08147745790331348
10 0.5470433931148216 0.683916843612661 0.09985879200164921 0.0823004625285994
14 0.6606797567511853 0.6832361012154603 0.12741393527107808 0.08258498698476964
18 0.819013052853357 0.68253397679152 0.1921386598192682 0.08012816841916574
2 0.4396638731538243 0.7660801804276482 0.7074910116137711 0.08529832728534473
12 0.8535709759188845 0.7656885044350115 0.12285804816223077 0.08451497530007102
3 0.5007008354672667 0.8476306626685719 0.8302990093375754 0.08358557463957705