13 0.17494264175680105 0.21155192240387982 0.20239265814487056 0.10686965651717412
11 0.41037786341254545 0.21431370628000393 0.268946692357097 0.10776917801508772
15 0.7713330070158264 0.11946539236914806 0.24065916136400714 0.09706563129993281
4 0.2821087216248507 0.45721705850191363 0.05346475507765831 0.3840896664844176
9 0.34020310633213857 0.4582422088572991 0.06391875746714454 0.3861399671951886
5 0.39635603345280757 0.4592673592126845 0.049581839904420506 0.38545653362493165
6 0.45310633213859014 0.4599507927829415 0.06451612903225802 0.3868234007654456
17 0.5154320987654322 0.4603976531942634 0.059829059829059957 0.3862451108213819
8 0.6305182891870199 0.4617725770058247 0.17113863089095283 0.3896206118486645
1 0.8817234319746883 0.4641853334468955 0.05304299274148518 0.38327229367174864
7 0.31374900079936047 0.6909218388001462 0.11697308819610978 0.08383124009267143
0 0.42877267124493745 0.6926723790593354 0.11386981276046255 0.08259690026592179
10 0.5438019119260304 0.6946104563601156 0.11727524421459529 0.08337118405010645
14 0.6590582830892909 0.69701747470766 0.11369509043927632 0.08343187491788207
18 0.8119493627576768 0.6992914155915626 0.1924557351809083 0.0831800211375111
12 0.8473862923015466 0.7795565537593689 0.12198253723677437 0.08161186701835951
2 0.42943702684565044 0.7732999424057924 0.7139621514978454 0.09111197959519492
3 0.4903190040790681 0.854473015504476 0.8363454506163672 0.08954737765394832
16 0.1640609188423396 0.5267666944521626 0.18290831815421982 0.4075206075761785