13 0.19674816235218917 0.22995565675934804 0.2017417705337169 0.03578752530094811
11 0.4315754055823653 0.22647288842544314 0.2688782278410525 0.035844629822732045
15 0.789342388028409 0.1775422377720121 0.34432774822152906 0.05683753963886047
4 0.30334749822938795 0.3080669603799525 0.05468066491688544 0.12752312210973626
9 0.3610892838498068 0.30771641826021745 0.06366070239162491 0.12783363017122856
5 0.41735605354815347 0.30710106549181354 0.05059389631993289 0.12789260717410322
6 0.4744679570484635 0.3067094810724214 0.06689944337544104 0.12815732436026933
17 0.5370855341374209 0.30586887234882515 0.06046255456632821 0.12833226129216693
8 0.6542286799497274 0.3038796424718755 0.17705550034225562 0.13099090768993685
1 0.9119778798992815 0.3005900710978836 0.05959839648286616 0.1283998842592593
7 0.33521780097122567 0.3847643509458578 0.11664673479741978 0.02717982170036966
0 0.45069362648867944 0.3839864125862359 0.11521491203469995 0.027781283302484694
10 0.5666340496226956 0.3827111923193641 0.11784747415933865 0.028597205849263806
14 0.6844297113606057 0.3806893624438 0.11816040779455426 0.028844207103624682
18 0.8429242225538521 0.37872740734967125 0.20029695955621876 0.028716817442826715
16 0.18586936690384967 0.331994902846196 0.18244845831052725 0.13521996442255063
2 0.45543334404856023 0.4096266539821548 0.7215764125999484 0.034263386069625874
12 0.8801807760141095 0.4055059523809524 0.12823339212228088 0.02893518518518526
3 0.5196760705837696 0.43583202273326943 0.8529171122128252 0.03447268744184749