15 0.7883253225398431 0.11146892655367234 0.32696686061219316 0.1440677966101695
13 0.182772577789021 0.2152824858757062 0.22261573488489758 0.11723163841807907
11 0.4294206931444473 0.22587570621468928 0.27321022008601065 0.10451977401129944
8 0.658360738679484 0.47305084745762715 0.18214014672400716 0.3954802259887007
18 0.8496711358461928 0.6969209039548023 0.19921578547938273 0.10310734463276844
2 0.438590943587149 0.7972033898305086 0.7797875031621555 0.11158192090395479
3 0.5027826966860612 0.8840677966101695 0.9208196306602581 0.13559322033898297
12 0.8888818618770555 0.7795480225988701 0.13091323045787995 0.09322033898305089
1 0.9078547938274728 0.46175141242937856 0.07146471034657224 0.37853107344632764
16 0.16032127498102708 0.5450847457627119 0.21565899316974452 0.440677966101695
4 0.29408044523146976 0.4737570621468927 0.0632431065013914 0.40254237288135597
7 0.32443713635213767 0.7188135593220338 0.12901593726283836 0.0875706214689266
0 0.44930672083370127 0.7162179487179486 0.12320056522123107 0.09294871794871785
10 0.5709433601224646 0.7155013149243918 0.12102946804439334 0.0936522024983564
14 0.6908315565031983 0.7078571428571427 0.11940298507462686 0.09047619047619036
6 0.4758014660425683 0.47386587771203154 0.06932791662986836 0.3915187376725839
17 0.5378433277399982 0.47386587771203154 0.06270423032765172 0.3915187376725839
9 0.3567959021460744 0.4743589743589744 0.06976949571668287 0.39842209072978296
5 0.41486355206217435 0.4748520710059172 0.053431069504548206 0.3974358974358974