13 0.19866666666666666 0.15157924870383918 0.21387024608501118 0.06997678043194759
11 0.4389351230425056 0.1415549656962246 0.2684563758389262 0.06139848172501642
15 0.7736107382550336 0.09034956582588508 0.3024608501118567 0.08110945004612108
16 0.1588456375838926 0.3567384458793219 0.23982102908277406 0.2926301727154172
4 0.3002326621923937 0.29550876300136775 0.06979865771812077 0.2528706383790833
9 0.3637673378076063 0.292328000254461 0.07158836689038026 0.2496898756321765
5 0.4281968680089485 0.29017030322497944 0.057270693512304204 0.250824506944233
6 0.4898365450163705 0.28578402457132396 0.07895778245048056 0.24815409962776883
17 0.5549691455454773 0.28781807456827285 0.08103986476763551 0.24408599963387098
8 0.6738232566177953 0.2929347000329134 0.2031543816189954 0.2421149505814584
1 0.9150462962962962 0.29703133228014744 0.10879629629629622 0.23532122169562925
2 0.449530636341039 0.5173669645981106 0.8444572458364406 0.09860364515410791
12 0.9289629629629629 0.4982062927856767 0.13940740740740754 0.06664691943127962
3 0.5067203579418345 0.5777855529756036 0.9838926174496645 0.10817774102229721
7 0.33115074309978765 0.4480182328614121 0.13842887473460724 0.07093911311015183
0 0.4657579617834394 0.44012854807308743 0.13248407643312113 0.06256899737270698
10 0.5957704637197817 0.43760218024248204 0.13403019782582942 0.06158436170539419
14 0.7213842887473461 0.44273553294895396 0.1307855626326964 0.057355027620973914
18 0.8798611111111112 0.44266719325961035 0.2106481481481481 0.05924170616113744