13 0.1846590909090909 0.20706072583542937 0.2039141414141414 0.1122888968738771
16 0.17095254535081233 0.538229848039729 0.18371212121212124 0.4281949934123848
8 0.6442550505050504 0.4600850401245658 0.17866161616161624 0.4147203257875194
4 0.2913064372868609 0.46145614665481527 0.05501338805254079 0.4084794270981083
9 0.34982110932332167 0.46275621856583554 0.06363211763654239 0.4089236241001706
5 0.40527990077768833 0.46035214858013823 0.0511658621614373 0.4065205201831176
6 0.46375 0.4600850401245658 0.06618686868686874 0.4087315846209127
17 0.5258873264492993 0.4607883805550978 0.05921354769137186 0.40826744633878015
11 0.42171717171717166 0.20256916996047428 0.27146464646464646 0.10929452629057368
2 0.4419191919191919 0.7917115822254162 0.7222222222222221 0.08384237633249482
3 0.504076479076479 0.8793140324760877 0.8477994227994227 0.09004500111219474
1 0.9005681818181817 0.46083363277039163 0.05744949494949499 0.4132231404958677
18 0.8291847041847042 0.706804820383058 0.1987734487734489 0.08770234647937514
7 0.32181288170537203 0.7077306345713191 0.11773787295289215 0.08711388955900247
0 0.43810902284871606 0.7077306345713191 0.1166972925951643 0.08711388955900247
10 0.5551515151515152 0.7069110073062641 0.11823232323232333 0.08791472032578755
14 0.672310606060606 0.7070307821295962 0.11623737373737375 0.08851359444244836
12 0.8650403074615675 0.7915109338372927 0.12706224221972273 0.0860251977919176
15 0.7832699619771863 0.09053337140624296 0.23574144486692017 0.11421872886577798