13 0.1670213173836362 0.1955371520588912 0.22381335787132886 0.03917931907062339
11 0.42547550629447184 0.19712985769020253 0.2956235176062763 0.04062328954570333
15 0.8161218190980095 0.1511656746031746 0.3670949861426053 0.061755952380952384
4 0.2875080887670815 0.2857535400251227 0.06399642191009096 0.14149394769898369
9 0.34924441399261535 0.2867348977960488 0.07089566442084425 0.1423860911270983
5 0.40895854744775606 0.2871809695101062 0.05471813025769854 0.14327823455521296
6 0.47135769866408883 0.28808346377357463 0.0719834114882782 0.14294207885467475
17 0.538201676545717 0.2885699540646433 0.06727210202469916 0.1430516386751634
8 0.6636991713191454 0.28924964970213185 0.19456734599406453 0.14327144482157037
1 0.9347545527358363 0.2923723603375489 0.07750901801703924 0.1418313348483261
7 0.3243677350820208 0.37120985781700067 0.12269922984208693 0.02997257461543185
0 0.44460941194780756 0.3727503837024865 0.11994565878911673 0.030070364474570153
10 0.5654387659132958 0.3740773671711502 0.12235061128250382 0.029440925499736228
14 0.6865749709127236 0.37495098387770537 0.12362235301214387 0.029263865244455955
18 0.8491921097853302 0.37611730671429044 0.20671397790041854 0.03048666717405573
12 0.8824009293934105 0.404767774363639 0.13230201200126004 0.02909950043408684
2 0.448425909150386 0.4001713306861531 0.7426636370041569 0.035079226681160786
3 0.5125145087857684 0.4281330343170132 0.8655070710777593 0.03659107422311645
16 0.16290133477633478 0.3108653499278499 0.20480098605098604 0.14711850649350644