13 0.2269213397262178 0.3368474959384051 0.16807379612257659 0.07681712227166773
11 0.4193158918768675 0.33905488450943 0.21758390660829696 0.07416825598643784
16 0.21866965464526442 0.5602352193261285 0.15330762281981788 0.2922582468037013
4 0.3168212771871309 0.5121141484777849 0.04386422069348901 0.273716182807092
9 0.363291293169342 0.5116726707635799 0.04994440970050731 0.27283322737868193
5 0.408458411507192 0.5116726707635799 0.0412584254047668 0.27283322737868193
6 0.45427697866722255 0.5116726707635799 0.05298450420401646 0.27283322737868193
17 0.5037870891529428 0.5129971039061949 0.047772913626572266 0.271950271950272
8 0.5952765617399763 0.5141626050716961 0.1366652769091792 0.2719502719502721
1 0.7958533110972136 0.5143215370488098 0.043864220693488894 0.27106731652186195
2 0.43060767146133 0.7377092604365333 0.5789208533110972 0.057392102846648405
3 0.4799701202140227 0.7959843187115915 0.6782363977485928 0.05915801370346826
12 0.7689267597804184 0.7381507381507382 0.10032311861580155 0.060040969131878306
18 0.7405496490862344 0.6795754750300205 0.15620874157459538 0.05944055944055933
15 0.7170280036133696 0.2684184502366321 0.2032520325203252 0.0812318994137176
7 0.3412810089639358 0.67722681359045 0.09483357654089379 0.05827505827505822
0 0.43450767841011745 0.67810976901886 0.09252310471822674 0.05827505827505822
10 0.5263706483218679 0.6788337924701561 0.09294003196442222 0.06212474394292558
14 0.618007782641929 0.6780921099102918 0.0920714335348481 0.060076287349014657