13 0.16523707403055227 0.1462573868764795 0.1750393654524089 0.08378761559290858
11 0.36627027027027026 0.1450646298472385 0.22882882882882882 0.08617312965139055
15 0.6731171171171171 0.05000979240109673 0.2857657657657658 0.10001958480219346
16 0.15636036036036036 0.4026047786917351 0.15495495495495493 0.3309831570701135
4 0.2561096237337192 0.343285251368527 0.04478075253256154 0.3113531114327062
9 0.30502424023154845 0.34276858827593204 0.053048480463096896 0.31175722979055076
5 0.35300551571980143 0.34203805712179797 0.04274572531715375 0.31195987644412826
6 0.40148573318216174 0.34236736736736734 0.056287792894935816 0.31436436436436416
17 0.45395061728395064 0.34138486312399363 0.05061728395061732 0.3145464304884594
8 0.5518558558558558 0.3409858953976601 0.14594594594594604 0.3135033223268518
1 0.7662702702702702 0.3418918918918918 0.04504504504504507 0.31531531531531526
7 0.2823444283646888 0.5319952180205122 0.09782923299565846 0.06543761404391868
0 0.3802166594959648 0.5309768224777976 0.09745380112384464 0.06528844644052581
10 0.47831104142339786 0.5307910433026066 0.09902439833160032 0.06677670697097145
14 0.5765465329582976 0.530885233059146 0.09622820105173059 0.06658832745789262
18 0.7063873466226407 0.530885233059146 0.16481089234030402 0.06658832745789262
2 0.381609824658418 0.5976354231469321 0.6056748922835878 0.06787746826109999
3 0.4338378378378378 0.6640618879749315 0.7099099099099099 0.07050528789659241
12 0.7364873054873055 0.5968873517786562 0.10461097461097461 0.06492094861660082