15 0.8578237147795901 0.17058719490626104 0.28069626331102093 0.10124985261172033
13 0.08878281962455274 0.19983492512675394 0.17756563924910548 0.12088197146562908
11 0.3706752868344694 0.21941266974379556 0.39347676065716664 0.12308515619773898
18 0.9185553762248246 0.7123811335108405 0.15923294042055175 0.08536832762774173
8 0.7032681967106894 0.47629906325558496 0.27134696636326094 0.38606321215016876
4 0.16865793831058912 0.4576063666972758 0.10464178654306626 0.3968982756861544
16 0.06821683133742786 0.5264101691067984 0.1364336626748557 0.4285779139711725
0 0.3896445945527221 0.7040746447526108 0.1864303494148875 0.08988186954288653
6 0.4311168108270348 0.4677909155521096 0.1036863215913122 0.38896426956128444
17 0.5293415708012721 0.47037903147227905 0.09405291652215812 0.38536490304979043
5 0.3425909694222534 0.4649232046492321 0.08514687836518 0.3918638439186383
9 0.25694322706669004 0.46077210460772106 0.11119180586511732 0.3968451639684517
12 0.9748887585802493 0.7984848484848485 0.04656617570970268 0.08787878787878788
10 0.5752615982055126 0.7059892284731685 0.18751296736334858 0.08695087924209983
14 0.7544180377818402 0.7094582185491276 0.1779402803168798 0.0899908172635445
7 0.20413884423714104 0.6997379999011321 0.1899728908386543 0.09540758317267288
2 0.4801793778027782 0.7910644910644912 0.9603587556055564 0.10334110334110355
3 0.4991796746824169 0.8828800828800829 0.9979843435053672 0.10619010619010637