13 0.22037190563526035 0.16578063483792405 0.2091195868405409 0.03872411083149501
11 0.45549067377446356 0.17109585934736235 0.26279343733696886 0.03960241309940712
15 0.8068349777600301 0.13099085720941064 0.32802915599037197 0.05327401750357727
4 0.33085237598059236 0.24963638350820555 0.056463545870325475 0.1301915186978746
9 0.38756271074923926 0.2506682292951723 0.0621761658031088 0.12911989061600462
5 0.44229497354497355 0.2518888348022136 0.04861111111111111 0.128182431509189
6 0.49826612326612324 0.2525963463463463 0.06345631345631338 0.1266891891891892
17 0.557402640735974 0.25304322179322175 0.05839172505839166 0.12490168740168736
8 0.6699045461665567 0.2521903976111897 0.16832289609444176 0.12474461731887476
1 0.9204144620811286 0.24870480599647263 0.058788947677836434 0.12217078189300412
18 0.8531286743092299 0.3235271535900403 0.1979534097589654 0.02793320194786437
14 0.697400546847741 0.32579438025210083 0.11387205541350262 0.027537056489262364
10 0.5843005463197771 0.32742307105287877 0.11274811370965221 0.027564396074011493
0 0.47353133693339877 0.3283014236622484 0.10977472317678502 0.026080019636720766
7 0.3629148411756603 0.32737366444872273 0.1122253277397719 0.027820299092717785
16 0.21280374289633547 0.27063583921222806 0.1898393102096806 0.13847552910052904
2 0.47516046491456326 0.351897931303669 0.702034001214329 0.0304937548790007
12 0.8896023413739949 0.3481010186226722 0.12836937049535474 0.027535620547431625
3 0.5409683293759154 0.37600142258161123 0.8290909101704748 0.032288858939802406