13 0.20607174887892377 0.2346158194219392 0.20448430493273542 0.09420808682217283
11 0.4446367713004484 0.23367373855371742 0.2726457399103139 0.09986057203150314
15 0.7986423908724528 0.14441539231347872 0.22550002838167665 0.08619276739474815
16 0.18903139013452916 0.5294871311753402 0.18654708520179372 0.3824848324980216
4 0.30876233183856505 0.4635414703998191 0.05829596412556055 0.35987489166070025
9 0.3684035874439462 0.4644835512680409 0.06457399103139005 0.36552737687003056
5 0.4262511210762332 0.4654256321362626 0.05470852017937227 0.3674115386064739
6 0.4858923766816144 0.4644835512680409 0.06636771300448424 0.36552737687003056
17 0.5513632286995517 0.4654256321362626 0.06098654708520189 0.36364321513358716
8 0.6693004484304933 0.4635414703998191 0.17668161434977583 0.35987489166070025
1 0.9253542600896861 0.46071522779515395 0.059192825112107585 0.3579907299242566
7 0.33925560538116595 0.6830463126954817 0.12107623318385652 0.08290311640351218
0 0.45907330507606936 0.6868146361683687 0.12179957818866842 0.07913479293062523
10 0.5805621352662941 0.6853095436835586 0.12276810614902638 0.08366125490677867
14 0.7006905829596413 0.6849304744319253 0.11748878923766824 0.0904397633492861
18 0.8576412556053812 0.6811621509590383 0.19461883408071753 0.08290311640351218
2 0.46302242152466366 0.7594957655512975 0.7381165919282511 0.08130075972678004
3 0.5246981892490209 0.8368090552336049 0.8632618493500597 0.08814847957687934
12 0.8935156950672646 0.7567321814347582 0.1264573991031391 0.07200526802081446