15 0.81950945515821 0.12328196584756351 0.35486488173250946 0.07996668054977094
1 0.9618829183049367 0.3410245730945439 0.07011795543905641 0.23223656809662638
18 0.8862104474817449 0.48157017909204497 0.22146289708543973 0.05726780508121613
8 0.6760126068776134 0.3347563515201999 0.19893278412282342 0.2405247813411079
11 0.43924358734319424 0.17388588088296544 0.28864756911939093 0.07913369429404414
13 0.18451731754484046 0.15371494123342969 0.22354302170815935 0.0762761965026778
14 0.7087780066154902 0.47636401499375264 0.13808275603819498 0.05518533944189919
16 0.15222031941649322 0.34431461440223055 0.23078996717088296 0.2658887040231201
2 0.4482150658428509 0.5159308621407747 0.8370779504462336 0.09683465222823825
3 0.5102123594366257 0.5725648501158704 0.9734590731756781 0.11201315691111616
12 0.9303995159364831 0.5377169049437958 0.13308476017596357 0.059260067663429
6 0.4787322768974145 0.3241951325984939 0.08176748597687619 0.2346393102695623
17 0.5473764707439829 0.32810598637227556 0.07023904919209834 0.23554836775528507
9 0.3532496935787961 0.31546436756520785 0.08184805580327148 0.2368220015278839
4 0.2893186251155442 0.3115553884596522 0.07696160471053887 0.23886916818789966
5 0.4157555471400009 0.31930215494986275 0.06841031529825681 0.23641946792032395
7 0.31395448270807125 0.456805891464442 0.13437740505014725 0.055979782059295054
0 0.4450742536963967 0.46196907524661 0.13111977098832545 0.05543628902959315
10 0.5757663110550392 0.4694625102788368 0.1310787522444152 0.05382372729311509
1 0.7365735491186476 0.8355652373308874 0.07817063532969118 0.2900710846136207
8 0.41615984606397965 0.8028892455858748 0.23622994193038513 0.3049759229534509
18 0.6486272892828918 0.97622105021784 0.25749922688382637 0.03939463425819751
17 0.27656942583238836 0.787411144232974 0.11510840806789675 0.2831919284567759
10 0.2890251864068996 0.959023159825728 0.16750850427790953 0.07379041504242144
14 0.44351097824966496 0.967622105021784 0.15919321032195993 0.056592524650309596
5 0.12881833487956568 0.7747993579454253 0.11682644400920868 0.2740197202476496
6 0.19753977253204136 0.7811052510891997 0.1340068034223276 0.277459298326072
0 0.1378380235714531 0.9473515248796147 0.16235439645397381 0.07796376977757392
9 0.06440916743978282 0.7679202017885807 0.12881833487956565 0.2717266681953681
7 0.03434353846682473 0.9346938775510204 0.06868707693364946 0.07346938775510205
4 0.02704188571624919 0.736734693877551 0.05408377143249838 0.2163265306122449
16 0.9691956155722777 0.8495299243292822 0.055492560904374266 0.29277688603531304
16 0.735474006116208 0.03226324237560193 0.13149847094801223 0.06452648475120386
7 0.7567604714290623 0.06223343269892226 0.05841322200460432 0.02980967667966063
4 0.8168917293749784 0.03700986012382481 0.1305707315397037 0.07337766567301078
9 0.8787410232622067 0.0375831231368952 0.13228876748101548 0.07223113964687