15 0.8222718396219973 0.09200463745918291 0.2294235732721538 0.09253645617281982
13 0.1319526950441777 0.16167288894561624 0.11744301965122153 0.10849101758192664
11 0.37264260450380327 0.17177744450471724 0.36666803228317424 0.10742738015465285
16 0.11658950933398884 0.4695959241413787 0.08535103172327148 0.39886403522767155
8 0.6744438526772911 0.4105640469276832 0.24376254660166324 0.3680185498367317
18 0.8669957802449916 0.6365870002233639 0.13861007551859295 0.0840273567546296
17 0.5139839130375408 0.4095004095004095 0.08125418220055441 0.3680185498367317
7 0.23813941980577719 0.6299864726831018 0.16700686583781776 0.08061176600502439
0 0.3971573388154397 0.6305386080666978 0.15276645518023607 0.08061176600502439
14 0.7156275475844469 0.6346796234436684 0.16375429766419738 0.08116390138862062
10 0.5532910360472122 0.6332992849846782 0.16162761847375337 0.07950749523783227
6 0.43169523519947295 0.4080202875383598 0.08551556383261752 0.3700304905124182
5 0.3549982184911924 0.40645453868594367 0.06691520887104477 0.3702425190028496
4 0.19509694014999437 0.40205494750949294 0.08081966785723592 0.37498054026979655
9 0.2783064368954819 0.40340866787147783 0.08994446906692392 0.37227309954582677
2 0.48431901013751494 0.712053624674984 0.8215674864475822 0.08468309439183234
3 0.504992190132002 0.7919658405095297 0.8629138464365563 0.0870685336704755
12 0.9151053117930089 0.7169359442086716 0.041822005544403 0.07755689573871397