13 0.18616071428571432 0.32509157509157505 0.18601190476190477 0.10302197802197799
11 0.41097770154373925 0.3133658794036152 0.26483704974271016 0.09104103443726086
15 0.7662551440329217 0.20779815606204494 0.33004115226337444 0.11463477366255143
4 0.2860896445131376 0.5204494114849602 0.05718701700154565 0.32516942099631435
9 0.34513137557959817 0.5180715729401973 0.06398763523956723 0.3263583402686957
5 0.4009273570324575 0.5156937343954345 0.05193199381761974 0.3263583402686958
6 0.45721153846153845 0.5128205128205128 0.06570512820512818 0.32667652859960555
17 0.5176282051282051 0.5097386587771203 0.06153846153846149 0.3229783037475346
8 0.6321656050955414 0.5031234688878 0.17579617834394912 0.3288829005389516
1 0.8812382739212008 0.4964641362389955 0.05666041275797375 0.3218357627363256
18 0.8152410575427683 0.6941619810982175 0.1909797822706066 0.07357339394664432
14 0.6631961259079904 0.6986869063140251 0.11525423728813552 0.07403613335816711
10 0.5479591836734694 0.7034929356357927 0.1155102040816327 0.07574568288854008
0 0.43384785005512677 0.708803324569587 0.113561190738699 0.0759053515393097
7 0.3179433368310598 0.7169666639761079 0.11920251836306398 0.07708451045282105
16 0.17481060606060606 0.5878496503496502 0.1670454545454545 0.3540209790209789
2 0.43929618768328443 0.7815813219039025 0.6967741935483871 0.10376720054139416
12 0.8486707566462169 0.7590058203555137 0.12433537832310822 0.07078810759792348
3 0.50125 0.8480634045147082 0.82125 0.11204626789366046