13 0.1662460567823344 0.3223636773321316 0.19116719242902205 0.08562415502478586
11 0.39242902208201896 0.32164210975870167 0.2599369085173501 0.07740764467221867
18 0.15457413249211358 0.5623366381252817 0.171608832807571 0.31545741324921134
4 0.2662460567823344 0.5082582244254169 0.05678233438485802 0.29743127534925645
8 0.6056782334384858 0.5037516899504281 0.16656151419558365 0.28841820639927884
1 0.850788643533123 0.49980847228481295 0.05867507886435328 0.2963046417305092
15 0.740378548895899 0.21646011716989635 0.3261829652996844 0.13744930148715642
2 0.41388012618296527 0.7471045515998198 0.6851735015772871 0.07435781883731413
3 0.47823343848580446 0.8085060838215412 0.8126182965299684 0.07548445245606145
9 0.3239837225860906 0.5082582244254168 0.05995482687565118 0.2951780081117621
5 0.37919725754810846 0.514977634049192 0.0517699094179834 0.2772326543892232
6 0.4362776025236593 0.5146812401524812 0.06498422712933757 0.27557217494515024
17 0.49495268138801257 0.505441640378549 0.05488958990536275 0.2917981072555205
7 0.29526813880126185 0.6862663361874718 0.11861198738170345 0.06534474988733661
0 0.4110410094637224 0.6851397025687246 0.11545741324921141 0.06985128436232547
10 0.52397476340694 0.6800698512843623 0.11293375394321765 0.06196484903109507
14 0.6347003154574133 0.6795065344749888 0.11104100946372228 0.06534474988733661
18 0.786435331230284 0.678943217665615 0.1936908517350157 0.061964849031095275
12 0.8198738170347003 0.738654799459216 0.12933753943217652 0.0642181162685895