16 0.8165251366041435 0.29785420218738295 0.20040080160320642 0.22144134403459895
13 0.8864042644895302 0.3940200440803427 0.14858822135614197 0.1601031313677382
8 0.5504455893331862 0.6070934908268408 0.19735749258918217 0.2497486805730083
7 0.6924174435828179 0.3314274943453129 0.08658621591008116 0.09267403870319182
4 0.7637557724143941 0.3872351906331772 0.1203493944410561 0.15245479946188073
9 0.7301047107001727 0.42262318347796524 0.12403323270582077 0.16077051579616514
5 0.6964055989216283 0.45662522360037255 0.11967669354053369 0.15855299144035595
6 0.6611688850847475 0.49265999438227165 0.12710843682249426 0.16927102582676695
17 0.6233695011506389 0.5318362580015671 0.1253145677544348 0.17222772496784589
11 0.7425696485725535 0.5496003614664319 0.19044907636741695 0.21423118271193312
1 0.3749767576389893 0.7791549967224839 0.11776129578745126 0.19069185388236695
18 0.37549325455033783 0.6391156665276205 0.1518500919364503 0.1579166914963351
14 0.480083879098403 0.540045289315297 0.09245294713137613 0.09981526726655149
0 0.6252195111873232 0.3992610690662058 0.08728797801789137 0.09087658661581557
10 0.5534264405098858 0.46853584410940946 0.09141995330867918 0.09534592694118348
12 0.3364977377435283 0.6305494309039986 0.10381587918104247 0.11545795840533932
3 0.5389853607732665 0.39888862403909187 0.5325499831625484 0.5102496871461772
2 0.5962956841518088 0.3862254931172159 0.4519347974299113 0.4327811215064657
15 0.5330092809732941 0.8459906530562047 0.2743074802086443 0.3022383470667813
15 0.32798931195724784 0.484770220965031 0.26222658082121686 0.2562210470216865
16 0.6129140410097762 0.060254071518055334 0.17296951317082826 0.11978285237038178
13 0.6677766178745324 0.11629925932438076 0.13029862005379586 0.13296995538363485
11 0.5332871065324566 0.23740668748521673 0.1767794143419919 0.16988211284248556
8 0.3553647218391155 0.27420737280844093 0.17754139457622478 0.2193603703197321
1 0.18925303077638167 0.41355853974812634 0.10591525255834867 0.17143233917228945
14 0.29554927345184673 0.20786457208486467 0.08534178623406509 0.08610606099961507
18 0.19461438038065887 0.2888305237477746 0.1440692401992811 0.130772104881426
12 0.15724986093860724 0.27996602655935826 0.09677148974755598 0.09575268720524668
3 0.28761202882449177 0.15018461944218556 0.38340315348323756 0.3003692388843711
2 0.35760265118982554 0.12985450229675377 0.3308868819890864 0.25970900459350754
17 0.42747833328995655 0.21238395515852163 0.10800822424068919 0.15702024372544604
6 0.46456549462561486 0.18077445438095957 0.10670692033417475 0.15385679355535312
5 0.49731497627289206 0.15314287829919407 0.10020040080160321 0.14238414761007395
9 0.5298475739357502 0.12626577452705032 0.10714068830301306 0.14993664877133908
4 0.5625970555830274 0.09696469234041488 0.1023692406457938 0.14138077721892753
10 0.36621846605450176 0.1501388784625779 0.08651699305734648 0.08507869779546079
0 0.43593680868229967 0.09414958836924156 0.08154837814156449 0.0794484898531141
7 0.500568236039178 0.040037034256687434 0.08154837814156449 0.08007406851337487