13 0.19458544839255495 0.10572916666666668 0.19289340101522842 0.05104166666666665
11 0.41751269035532995 0.10729166666666667 0.25465313028764813 0.05
15 0.7554991539763114 0.0609375 0.2131979695431472 0.048958333333333326
16 0.17808798646362095 0.26458333333333334 0.17174280879864642 0.20833333333333331
1 0.8697123519458544 0.2322916666666667 0.054145516074449895 0.19583333333333336
18 0.8049915397631132 0.3510416666666667 0.18697123519458564 0.04166666666666661
12 0.8401015228426396 0.39322916666666663 0.12013536379018622 0.042708333333333307
2 0.4361252115059222 0.38958333333333334 0.6895093062605754 0.0479166666666667
3 0.4966159052453468 0.4307291666666667 0.8104906937394246 0.046875
8 0.6281725888324873 0.23177083333333334 0.16835871404399333 0.196875
4 0.2910321489001692 0.22916666666666669 0.05583756345177665 0.19583333333333336
9 0.34729272419627744 0.22864583333333335 0.060067681895093004 0.196875
5 0.39932318104906933 0.22864583333333335 0.05414551607445018 0.196875
6 0.4564297800338409 0.23072916666666665 0.06345177664974619 0.1947916666666667
17 0.5156514382402708 0.2296875 0.0583756345177665 0.1947916666666667
7 0.31852791878172587 0.346875 0.11421319796954314 0.0416666666666667
14 0.6565143824027072 0.3489583333333333 0.11336717428087999 0.04166666666666661
10 0.5427241962774957 0.34895833333333337 0.11421319796954314 0.0458333333333333
0 0.4302030456852792 0.3479166666666667 0.11252115059221668 0.04375
13 0.18527918781725888 0.603125 0.19627749576988152 0.054166666666666606
11 0.4132825719120135 0.6078125 0.2597292724196278 0.053125
15 0.7605752961082909 0.5578125 0.21658206429780014 0.053125
1 0.8760575296108292 0.7395833333333334 0.0532994923857868 0.20625
18 0.8071065989847716 0.8609375 0.19120135363790194 0.046875
8 0.6277495769881557 0.7369791666666666 0.17089678510998302 0.203125
16 0.17047377326565144 0.7703125 0.17343485617597296 0.21979166666666677
4 0.28214890016920474 0.7338541666666667 0.05499153976311334 0.20520833333333338
9 0.33883248730964466 0.7348958333333334 0.06345177664974619 0.20520833333333321
5 0.3946700507614213 0.7338541666666667 0.05499153976311327 0.20520833333333338
6 0.4526226734348561 0.7354166666666666 0.06598984771573604 0.20625
17 0.5139593908629442 0.7364583333333333 0.0583756345177665 0.2041666666666666
2 0.43274111675126903 0.9020833333333333 0.6979695431472082 0.05
3 0.49238578680203043 0.9458333333333334 0.8206429780033841 0.05
7 0.31133671742808794 0.8583333333333332 0.116751269035533 0.04583333333333357
0 0.4263959390862944 0.859375 0.11505922165820652 0.04375
10 0.5406091370558376 0.8619791666666667 0.11505922165820652 0.04479166666666643
14 0.6548223350253807 0.8614583333333334 0.11336717428087977 0.04375
12 0.8405245346869712 0.9041666666666666 0.1209813874788496 0.04375