13 0.27970588235294114 0.35725490196078435 0.1782352941176471 0.05254901960784309
11 0.48147058823529404 0.3603921568627451 0.2335294117647058 0.0509803921568628
15 0.7832352941176469 0.3207843137254902 0.1829411764705884 0.05176470588235295
4 0.3720588235294117 0.4819607843137255 0.04882352941176464 0.19372549019607846
16 0.26735294117647057 0.5160784313725489 0.16294117647058826 0.20862745098039223
2 0.49441176470588233 0.6411764705882352 0.6147058823529412 0.046274509803921546
3 0.543235294117647 0.6819607843137254 0.7182352941176471 0.04470588235294107
12 0.8514705882352942 0.643921568627451 0.10058823529411769 0.03921568627450976
1 0.8782352941176471 0.4909803921568628 0.04588235294117652 0.1882352941176471
18 0.8214705882352942 0.6035294117647059 0.1594117647058823 0.04470588235294107
8 0.6705882352941177 0.48470588235294115 0.14705882352941166 0.1929411764705882
5 0.4717647058823529 0.4815686274509804 0.04470588235294116 0.1945098039215687
6 0.5202156862745099 0.48269281045751633 0.0569019607843137 0.19383006535947706
17 0.5729411764705883 0.4835816993464052 0.050588235294117684 0.19205228758169937
9 0.42133401221995925 0.48099117447386275 0.05651731160896133 0.19484046164290555
0 0.4982179226069246 0.6004752206381534 0.09826883910386969 0.04412763068567566
10 0.5962321792260692 0.6004752206381534 0.09877800407331976 0.04141208418194158
14 0.6929735234215886 0.6038696537678206 0.0987780040733196 0.045485403937542516
7 0.39740325865580445 0.6001357773251866 0.10336048879837065 0.04073319755600816