13 0.21970035778175312 0.35703637447823494 0.19230769230769232 0.06112104949314247
11 0.439121198568873 0.34914665437921255 0.2476520572450805 0.06472145425633792
16 0.2125152625152625 0.5265567765567766 0.17704517704517703 0.2248677248677249
15 0.7768467643467644 0.292022792022792 0.23275335775335773 0.0508750508750509
4 0.32322790845518123 0.4860669633396906 0.0536395422759059 0.21031998304725583
9 0.37664835164835164 0.4846153846153846 0.060989010989011 0.2117216117216117
5 0.4288461538461538 0.4827838827838828 0.04780219780219776 0.21098901098901096
8 0.6428941625750138 0.4773595199127114 0.15889252591380248 0.2109474449899981
1 0.8723677032187672 0.47099472631387523 0.0518276050190943 0.20912893253318793
18 0.8103109656301146 0.5969267139479906 0.17594108019639937 0.048190580105473696
12 0.8437261320240045 0.640116384797236 0.11320240043644302 0.04909983633387892
17 0.5382160392798692 0.4796326604837243 0.055919258046917594 0.21003818876159303
6 0.48130144762986093 0.48041441952881064 0.06422083451603752 0.21335982590595137
2 0.4582904300423985 0.6536442560064607 0.6594488188976378 0.06763577629719354
3 0.5150741974560873 0.693519079345851 0.7715021199273167 0.07268322228952159
14 0.671119039331709 0.601577909270217 0.10485555168813089 0.04524886877828049
10 0.5664810302819353 0.6059287620373593 0.10703097807170209 0.04698920988513756
0 0.4605377654020188 0.609699501102216 0.10746606334841628 0.04640909618285182
7 0.35307170205360255 0.6120199559113586 0.10920640445527327 0.04640909618285182