13 0.19930550116610973 0.3469805699143692 0.20546864122110833 0.07643816572681711
15 0.7554869684499314 0.3215020576131687 0.31207133058984904 0.08744855967078186
16 0.16768919046272732 0.5255618866729979 0.21192159080199793 0.2534029756251979
4 0.2947677836566725 0.49552469135802474 0.06760728982951204 0.22045855379188722
11 0.4226337448559671 0.36655643738977073 0.24985302763080544 0.0705467372134039
2 0.42373603762492656 0.6906305114638448 0.7429453262786596 0.08377425044091716
3 0.48656672545561436 0.7473985890652557 0.8803644914756026 0.09369488536155211
12 0.8565696649029982 0.7121252204585539 0.1300705467372133 0.06062610229276899
1 0.8727366255144032 0.5291446208112874 0.07275132275132284 0.2193562610229277
18 0.8157848324514991 0.6581128747795414 0.19694297472075234 0.0650352733686066
8 0.631334509112287 0.516468253968254 0.17048794826572602 0.2226631393298059
14 0.6633009994121104 0.6476410934744269 0.11537330981775414 0.05511463844797188
17 0.519268077601411 0.5093033509700176 0.059523809523809465 0.21715167548500872
15 0.672119341563786 0.21333774250440918 0.275573192239859 0.08156966490299825
13 0.16292904626237958 0.21333774250440918 0.23428300094966764 0.08377425044091709
9 0.3499858637263218 0.5007739609838846 0.07350862312694378 0.22158608990670056
5 0.404763924229573 0.5023642917726887 0.055838281029120806 0.2162849872773538
6 0.4581283573649986 0.5060750636132315 0.06644048628781454 0.21734520780322303
7 0.3153519932145886 0.6311810856658184 0.12015832626519649 0.05831212892281599
0 0.43197625106022053 0.6380725190839694 0.11591744416171894 0.053011026293469064
10 0.5486005089058524 0.6417832909245123 0.11874469889737063 0.05831212892281599
16 0.035043822448402595 0.38520992366412216 0.07008764489680519 0.2512722646310433
2 0.02373480350579587 0.5283396946564886 0.04746960701159174 0.06255301102629353
3 0.020964093864857213 0.5787001696352841 0.04170200735086231 0.05937234944868521