13 0.19001182033096928 0.42750197005516155 0.23463356973995275 0.07013396375098498
11 0.44680851063829785 0.42631993695823484 0.2848699763593381 0.06934594168636725
16 0.1799645390070922 0.6229314420803783 0.21217494089834518 0.26556343577620184
4 0.30998817966903075 0.5799842395587077 0.0632387706855792 0.24901497241922774
9 0.3708628841607565 0.5817021276595744 0.06914893617021278 0.250307328605201
5 0.4281914893617022 0.58274231678487 0.056146572104018966 0.2498029944838456
6 0.48817966903073284 0.5862884160756501 0.07328605200945618 0.2537431048069346
17 0.5526004728132389 0.587076438140268 0.06382978723404259 0.25531914893617014
7 0.3365839243498818 0.7332545311268716 0.12825059101654848 0.059101654846335804
0 0.45951536643026014 0.7364066193853428 0.1235224586288416 0.057525610717100086
10 0.5812647754137116 0.7415287628053585 0.1223404255319148 0.058313632781717945
14 0.7036052009456265 0.7466509062253744 0.1223404255319148 0.059101654846335804
18 0.866725768321513 0.7505910165484635 0.20744680851063851 0.06382978723404246
8 0.6740543735224587 0.5898345153664303 0.1873522458628842 0.2608353033884949
1 0.9370567375886526 0.599290780141844 0.06678486997635938 0.25610717100078806
15 0.8230437352245863 0.3528053585500394 0.350579196217494 0.0988337273443656
12 0.9057328605200947 0.8081166272655635 0.1317966903073285 0.06067769897557153
2 0.45510005660440184 0.7907801418439716 0.7777431492025438 0.08589440504334106
3 0.5181064162754304 0.8471570161711007 0.9147104851330206 0.0938967136150235