15 0.7813291139240506 0.09828574672191631 0.31202531645569614 0.12913662939206444
13 0.19505928853754942 0.20693383434658535 0.20909090909090908 0.10014356865594927
11 0.43162055335968375 0.20914940002481433 0.26482213438735175 0.09748488984207448
16 0.183399209486166 0.5179992555699321 0.18893280632411064 0.40500540598025475
8 0.6469902912621359 0.44277069093125515 0.166990291262136 0.370063999303409
18 0.8224683544303798 0.6630811148322642 0.18417721518987354 0.07804961117102799
4 0.303695652173913 0.4455059465782803 0.056086956521739124 0.3762916747904075
9 0.3619565217391304 0.4464807954767011 0.06217391304347825 0.3782413725872489
5 0.4178260869565217 0.44550594657828035 0.050434782608695626 0.37434197699356603
6 0.47456521739130425 0.4445310976798596 0.0656521739130435 0.3723922791967245
17 0.5354347826086956 0.44306882433222844 0.05782608695652175 0.3714174302983038
12 0.8567407407407407 0.7394120577977079 0.11555555555555566 0.08304268393954474
1 0.8871111111111111 0.4404583956153463 0.05333333333333348 0.3653878093339977
7 0.33409669211195925 0.6732048517212655 0.11755725190839689 0.08557833841098145
0 0.4495192307692308 0.6712084626882834 0.1144230769230769 0.08192480165574338
10 0.5639423076923077 0.6686932275497298 0.11570512820512818 0.08408071748878924
14 0.6760225669957687 0.6641072185292239 0.10973201692524685 0.08348776461510235
2 0.4439251958478752 0.7514352057309758 0.7117535687002889 0.10089613331664835
3 0.5006771265433605 0.8302395911318826 0.8276780049777951 0.10746312555900632