13 0.18611987381703468 0.37656602073005857 0.19558359621451105 0.15472435030794657
11 0.40809463722397477 0.32248760703019375 0.2576277602523659 0.1607330629412648
16 0.1903217665615142 0.6867658104251163 0.18844164037854888 0.43863602223223686
4 0.2981009463722398 0.5898753192128586 0.06878233438485802 0.3920684993240198
9 0.3528832807570978 0.5786089830253869 0.07656782334384854 0.3905663211656902
5 0.4057728706624606 0.5658404686795855 0.0616403785488958 0.38605978669070146
6 0.45866246056782334 0.5513144058885384 0.07825867507886437 0.39005558059185824
1 0.8572933753943218 0.45017275048820793 0.0645930599369085 0.3830554303740424
8 0.6250094637223975 0.5092534174553102 0.178372239747634 0.41409043112513133
17 0.5170157728706625 0.5372990836713234 0.06880757097791798 0.3890641430073607
7 0.3375394321766562 0.8121976866456361 0.11356466876971603 0.10665464924139986
0 0.4462649842271294 0.7864052876671173 0.11188643533123036 0.10716538981523194
10 0.5543596214511041 0.7558660057082771 0.11147003154574145 0.10815682739972961
14 0.6618233438485804 0.7293225176505933 0.10979179810725555 0.10614390866756777
18 0.8033564668769716 0.6922637824846027 0.17751419558359635 0.12816584046867957
12 0.838801261829653 0.7631215262130089 0.11293375394321765 0.11167192429022094
2 0.4497350157728706 0.8625206549496771 0.6689842271293376 0.24335286164939157
3 0.5088422712933754 0.8913249211356467 0.7816845425867508 0.20782634820489723
15 0.738801261829653 0.14222622803064444 0.21577287066246073 0.1427069250413099