13 0.2142857142857143 0.10590912846551943 0.20501253132832079 0.040560942816581916
11 0.44285714285714284 0.11360819631496323 0.2551378446115288 0.03943424996056576
16 0.20075187969924813 0.2041191890815951 0.18596491228070172 0.13482757843660098
4 0.319047619047619 0.18665544981334456 0.054636591478696726 0.12318508559110063
9 0.375187969924812 0.18997543809573883 0.06065162907268162 0.12255413759173156
5 0.4285714285714286 0.19179316923677825 0.05112781954887214 0.11891867530965278
6 0.48345864661654137 0.1928597718071402 0.06365914786967429 0.11828772731028371
17 0.5433583959899749 0.1929874636641554 0.059147869674185435 0.11803234359625334
8 0.6523809523809523 0.19266447837876408 0.16390977443609034 0.11942944273771339
1 0.8911627906976745 0.19422438027089192 0.052093023255813935 0.11895081662523521
2 0.45519379844961244 0.2850637734358665 0.6945736434108527 0.035778175313059074
3 0.5125581395348837 0.311548916200079 0.8117829457364342 0.03484887205817441
18 0.8263565891472869 0.26554840508328886 0.18418604651162787 0.02555583950932786
12 0.8607751937984497 0.2906395929651744 0.11658914728682188 0.02555583950932786
14 0.68 0.26415445020096184 0.11100775193798441 0.02555583950932786
10 0.5705426356589147 0.26392212438724066 0.11286821705426352 0.026020491136770196
0 0.46018604651162787 0.26385242664312436 0.11243410852713169 0.025230583370118197
7 0.3479069767441861 0.26183119206375016 0.11410852713178292 0.03020235578375111
15 0.786046511627907 0.08247566387101271 0.31813953488372104 0.0460005111167902
15 0.7880987654320989 0.382333715667049 0.32016460905349786 0.04686671353338025
13 0.2082633744855967 0.4162504162504162 0.2074074074074074 0.03576670243336917
11 0.44151242303289095 0.4199504199504199 0.261073919366317 0.0345333678667012
16 0.19550617283950616 0.5187680601214435 0.1901234567901235 0.1341317180916178
4 0.3164938271604938 0.4964171630838297 0.0551440329218107 0.12456679123345789
9 0.37287242798353903 0.49686728383470236 0.06419753086419754 0.12489988429838063
5 0.42760493827160495 0.4971433467674068 0.048559670781892994 0.12188108929963577
6 0.48274897119341553 0.4976504976504977 0.06337448559670793 0.12210012210012205
17 0.5428312757201645 0.4976504976504977 0.058436213991769514 0.12210012210012205
8 0.6527078189300412 0.49734216400883063 0.16790123456790115 0.123950123950124
1 0.8926255144032921 0.49826716493383155 0.0534979423868311 0.12333345666679002
18 0.8267818930041152 0.5719589052922386 0.18518518518518523 0.0277500277500278
12 0.861349794238683 0.5978589311922645 0.12098765432098783 0.026516693183359828
14 0.6811028806584362 0.5716505716505716 0.11440329218107005 0.027133360466693814
10 0.5693731457555746 0.5713422380089046 0.11316604459756915 0.026516693183359828
0 0.45805761316872423 0.5713422380089047 0.11275720164609053 0.0277500277500278
7 0.34488888888888886 0.5719589052922386 0.11687242798353907 0.026516693183359828
2 0.45229629629629625 0.5994005994005994 0.7037037037037037 0.029600029600029533
3 0.5090864197530863 0.6256089589422922 0.8205761316872427 0.03021669688336352
15 0.7918024691358023 0.6866590199923533 0.32427983539094635 0.04008337341670662
13 0.20702880658436212 0.7252007252007251 0.20658436213991763 0.029600029600029533
11 0.4395390946502057 0.7236590569923903 0.2600823045267489 0.03021669688336352
16 0.2008559670781893 0.8170841504174837 0.1794238683127572 0.12580012580012573
1 0.8790452674897118 0.7933424600091267 0.0576131687242796 0.11531678198344865
4 0.31525925925925924 0.7948841282174616 0.05432098765432094 0.11470011470011467
9 0.37081481481481476 0.7948841282174616 0.060082304526749036 0.11470011470011467
2 0.4494156378600822 0.8904675571342238 0.6765432098765432 0.030833364166697505
3 0.5049711934156378 0.9151342484675817 0.7909465020576131 0.030833364166697505
8 0.6464735675846787 0.7936460500563065 0.16530927508705281 0.11594293645575672
18 0.8119670781893004 0.862717529384196 0.18024691358024697 0.024666691333358096
12 0.8436543209876542 0.8876783235757595 0.11522633744855981 0.025311820183615
5 0.4255473251028807 0.7953157953157953 0.0493827160493826 0.11433011433011446
6 0.48003482114593227 0.7951924618591285 0.06386451408673625 0.11531678198344865
17 0.5378930041152263 0.7942674609341276 0.061728395061728406 0.11346678013344669
7 0.34447736625514397 0.8645675312341979 0.11111111111111105 0.024666691333358096
14 0.6691687242798353 0.86333419666753 0.10699588477366266 0.025900025900025842
0 0.4541152263374485 0.8641785564862489 0.10911934156378598 0.025444640829256196
10 0.5625843621399176 0.8636425303091969 0.10781893004115227 0.026516693183359828