13 0.19037668161434979 0.35833781763826605 0.19641255605381167 0.060986547085201855
11 0.4177309417040359 0.3587623133275024 0.25650224215246636 0.06183553846367435
15 0.7667920083677352 0.29752266076177547 0.23713558624219694 0.06303539596523827
16 0.17843519434246 0.5412974588938714 0.18149819137550294 0.23796711509715987
4 0.29548484402950326 0.49787311622436226 0.054357666201083135 0.2219757406454458
9 0.35315695067264574 0.49884603886397616 0.06278026905829596 0.2224215246636771
5 0.4078654708520179 0.4982481315396114 0.04843049327354265 0.2212257100149477
6 0.4630224215246636 0.49884603886397616 0.061883408071748816 0.2200298953662183
7 0.3268529818532333 0.6324124008244628 0.11538820669712084 0.04675626582338054
0 0.4390381375466242 0.6313565790760376 0.10985197602782784 0.04589072824553326
10 0.5483215917187042 0.6309835575485799 0.1083254264280626 0.04663677130044835
14 0.6577905829596412 0.6291898355754858 0.10881883408071757 0.047832585949177886
18 0.8057726457399104 0.6287701046337817 0.18714529147982056 0.046993124065769734
2 0.4338430493273543 0.6783646191646191 0.6923139013452915 0.053262571662571645
1 0.8751300448430492 0.4970523168908819 0.053811659192825115 0.22361733931240663
17 0.5197123428655444 0.4992611885671484 0.05253943982944935 0.2189231057317467
8 0.6296029515889434 0.49804267693346244 0.16818423135126137 0.2192449899297867
3 0.49365298972025423 0.7235023751023751 0.8113846035191328 0.053404750204749996
12 0.8393999999999999 0.6746666666666666 0.11920000000000004 0.045866666666666785