15 0.8437736706559612 0.10066439701846214 0.3089683381305862 0.14649729291959745
13 0.20423422295231708 0.1923253692717798 0.23904059638603029 0.09757684176288825
11 0.47312603488383903 0.2057392474428854 0.30424315071972047 0.10530729253000774
16 0.18158084537946587 0.49387170061526753 0.2250078727359535 0.3988026170812329
4 0.3227821740941274 0.42610450773716074 0.06755315366564743 0.37052565890187894
7 0.3563047917026442 0.6538901213404441 0.1356142257799088 0.08699570335153967
2 0.4788467838603833 0.7402304328324737 0.8236030972866994 0.09586498240003115
3 0.5306900199104032 0.8197264691829909 0.9351356396217023 0.09298853320592457
1 0.9837294673967146 0.44998208313425697 0.02905674464907937 0.3658026755852843
18 0.9055655798904928 0.6672240802675585 0.18538451966152314 0.08361204013377926
12 0.9436753359880539 0.7485965121834686 0.10916500746640118 0.08211896798853326
8 0.7171715012505077 0.4426821511377393 0.19559222761377473 0.368303342429776
14 0.7500374083495435 0.6642797053573261 0.12665398345482135 0.08515091203808191
10 0.6207113999273208 0.6601760469458521 0.1352044633505056 0.08720274124381876
0 0.4881414901586974 0.6581242177401153 0.13100416617370203 0.08515091203808191
9 0.38996967350625883 0.42851170568561875 0.07581623435281974 0.3692865105908583
5 0.45409085043231384 0.4296729840208101 0.05968512066073038 0.3685123250340642
6 0.5192202219641244 0.43276972624798715 0.08025229061814422 0.3654155828068871
17 0.5885840108401084 0.43625356125356124 0.06896051103368163 0.36464139725009287