13 0.18376771255060725 0.20876068376068377 0.20432692307692302 0.10683760683760683
15 0.7837803643724696 0.10259081196581196 0.23911943319838064 0.09481837606837608
11 0.4200404858299595 0.20608974358974355 0.26948380566801616 0.10683760683760682
8 0.6411310728744939 0.45715811965811964 0.17269736842105263 0.4006410256410256
1 0.8925860323886639 0.45582264957264956 0.05313765182186216 0.4006410256410256
16 0.173841059602649 0.5334805003679176 0.18299058905542004 0.4212656364974246
4 0.29191355873126523 0.45989698307579097 0.0540257929592192 0.39919058130978663
7 0.32371906587661203 0.7008830022075055 0.11676542349250607 0.08462104488594567
0 0.43939525967235976 0.7013428991905813 0.1145869640989893 0.08554083885209707
6 0.463140467061694 0.4589771891096394 0.0670965493203207 0.39919058130978663
17 0.5251223296336078 0.45729402872260017 0.062059911683971784 0.399344923154447
5 0.4059255281059792 0.4591836734693877 0.05042367824322702 0.399344923154447
9 0.35028046306241795 0.45949861426051897 0.06265664160401 0.3999748047367095
10 0.55406373075546 0.6997984378936759 0.11695906432748542 0.08440413202317956
18 0.8233359133126935 0.6990400326797385 0.1925309597523222 0.08680555555555555
14 0.6704721362229101 0.6995506535947712 0.11513157894736842 0.08374183006535942
12 0.8591331269349846 0.7827818627450979 0.12287151702786392 0.08272058823529405
2 0.44058876003568237 0.7859070935342121 0.7143919119833482 0.08788449466415563
3 0.5022896223609872 0.8690834902699309 0.8392804044008325 0.0910232266164469