15 0.7892109643697099 0.241357220412595 0.3651758727233265 0.1813246471226927
1 0.8913415242097823 0.5552915291529152 0.07383147492569529 0.33003300330033003
8 0.6130536571821619 0.48543454345434545 0.20761158333806612 0.35093509350935087
18 0.802049612226997 0.7263586358635863 0.22717376900213926 0.1287128712871288
4 0.2593567196107756 0.37927392739273924 0.09086950760085566 0.31243124312431236
16 0.13094043629984412 0.3968756875687568 0.22401857776599837 0.3696369636963696
12 0.8386498305662305 0.8066666666666665 0.14892502634584676 0.11331133113311334
2 0.38871956029254934 0.6719031903190319 0.7622942026516227 0.2926292629262927
3 0.45450455516814753 0.7650490196078431 0.9090091103362951 0.34068627450980365
11 0.4092059385895849 0.23257352941176468 0.27415363851085367 0.1556372549019608
17 0.49391238330896403 0.4500980392156863 0.08927567202789342 0.30882352941176466
14 0.6299347654931954 0.6749754901960784 0.1293442807333258 0.10416666666666667
13 0.1698487234281858 0.1584313725490196 0.21861995276121923 0.14705882352941174
9 0.31734650520501384 0.399537037037037 0.09507117059698322 0.3101851851851851
5 0.3736683966129473 0.4146031746031746 0.0844942183374305 0.306031746031746
6 0.43102977328598746 0.4314285714285715 0.09578439406355273 0.3104761904761904
10 0.5058727123736684 0.6384126984126984 0.128926522807976 0.09968253968253976
7 0.26841482290813073 0.5673015873015873 0.12601292907220255 0.09968253968253976
0 0.38586907038149865 0.6038095238095238 0.12492033142128751 0.09904761904761908