13 0.17839332719618683 0.3018694196428571 0.2411553666660155 0.09068080357142856
11 0.44649923204274183 0.3068519200762829 0.29635610996073525 0.09785562586685162
15 0.8271346830985915 0.16515066964285713 0.3439700704225352 0.185546875
16 0.15923697524955557 0.5901547330097088 0.2264802406673048 0.38076456310679613
4 0.3031531887956955 0.5196629213483146 0.06330115524608325 0.34234550561797755
9 0.37066264171699775 0.5179073033707865 0.07369591169796133 0.3441011235955056
5 0.43321728121538217 0.5186842921621031 0.05736667194176288 0.3386326292680266
6 0.49536361289807135 0.5214185393258427 0.0738495552786556 0.33181179775280895
17 0.5626378951136732 0.5180792005290716 0.0709159231597724 0.3367348573688229
8 0.6921065226309312 0.5041233760564363 0.19485847121564334 0.36168650031431165
1 0.972100198277041 0.49382584951456304 0.0540390400656363 0.37014563106796106
7 0.33950189903465733 0.7284209835551435 0.13698765627472692 0.07692623677320824
0 0.469071451178984 0.723753511235955 0.1241296091153664 0.07461376404494384
10 0.5960577745956485 0.7204993966128505 0.12885395716724254 0.07409952138104074
14 0.7252336150644458 0.721117271871932 0.13202285601906402 0.0763637572270099
18 0.8936101747388443 0.7198574029126213 0.2106259516299278 0.08495145631067977
2 0.46434431833720774 0.804134139440384 0.8366949268426089 0.09843681820661061
12 0.940380144947354 0.7994993932038835 0.11708601121290846 0.09253640776699026
3 0.5207776833414279 0.8797779402709359 0.9566840699368625 0.10531480911330071