15 0.8703 0.1928 0.2574000000000001 0.10826666666666665
13 0.18807531380753137 0.2940027894002789 0.26569037656903766 0.08145048814504882
16 0.1667123287671233 0.5342465753424658 0.2513698630136986 0.3159817351598173
7 0.36521068560121056 0.6537733286772981 0.15718193458270274 0.0689791642416482
5 0.4743801652892562 0.4743801652892562 0.06611570247933878 0.2898071625344353
6 0.5483471074380165 0.4732782369146006 0.08842975206611572 0.2898071625344352
17 0.628305785123967 0.4707988980716254 0.08140495867768595 0.2903581267217631
9 0.4022727272727272 0.47520661157024796 0.08223140495867778 0.2914600550964187
4 0.3267441860465116 0.47704144081133065 0.07302325581395348 0.29242874628431553
11 0.4911553094602969 0.2896882494004796 0.3426102443887586 0.08249400479616308
8 0.7753636175639347 0.4678936605316973 0.22680085475977124 0.29120654396728013
2 0.5120000000000001 0.7121111111111111 0.9566666666666668 0.09
18 0.943655844155844 0.6376597454441766 0.11068831168831184 0.06494024937138708
10 0.6702247191011236 0.645692883895131 0.1554307116104869 0.06591760299625457
14 0.8191011235955057 0.6424469413233458 0.15056179775280906 0.06441947565543069
0 0.5190291262135922 0.6499676375404531 0.15184466019417464 0.0670550161812298
3 0.5132598425196849 0.7772650918635171 0.97148031496063 0.09586351706036748
12 0.989244094488189 0.698 0.019511811023622157 0.06266666666666666