15 0.8022082018927444 0.15978376114245324 0.2214511041009464 0.07591921148736204
11 0.4457873397788219 0.2428245727147084 0.26823083097720224 0.09539821934593175
1 0.9246056782334385 0.4693508907417831 0.05615141955835952 0.3547259709150883
12 0.8930599369085174 0.7625561213136641 0.12429022082018946 0.07984606725394973
13 0.20952380952380953 0.2415979594402831 0.206060606060606 0.09340590253453322
16 0.19134199134199134 0.5333402706417444 0.18701298701298696 0.37931468064534307
7 0.34094076655052263 0.6863822343024852 0.12090592334494772 0.07879480098891073
8 0.6692537313432836 0.4711091843686133 0.17910447761194018 0.35672261101133335
18 0.8569629629629628 0.6854157061625941 0.19555555555555565 0.08145074535116024
2 0.46474074074074073 0.7622560319655755 0.7355555555555555 0.08145074535116024
3 0.5262222222222221 0.8406331642846165 0.8614814814814813 0.08452435838327958
4 0.31027874564459934 0.4695158095623636 0.05749128919860618 0.3578296008212008
0 0.4611498257839721 0.6867436783437187 0.12020905923344935 0.07373458441164135
5 0.42857142857142855 0.47118126403436833 0.05435540069686408 0.35826895743534204
17 0.5506016056401165 0.4713230297685312 0.06078509281333413 0.358552488903668
9 0.37012548071764584 0.46915436552113 0.06602081556819281 0.358552488903668
6 0.48766934532045014 0.4713230297685312 0.0657762919374968 0.35710671273873384
14 0.7002923976608187 0.6873164931692995 0.11929824561403529 0.07400936643129259
10 0.5808479532163742 0.6864065419426854 0.11959064327485384 0.07582926888452103