13 0.18366418038647853 0.20140255727619089 0.2125383123658874 0.03922439857804881
16 0.1820580285254198 0.3061638491447304 0.19517770876466534 0.1357058901459135
4 0.29869737750172526 0.28306159420289856 0.05966758684149984 0.12454710144927533
9 0.3531530365769496 0.2831963854382333 0.06577812284334027 0.1231991890959282
5 0.40545203588681844 0.2837355503795721 0.051759834368530086 0.1221208592132505
6 0.4576185131740687 0.28358986692320026 0.06413339746673082 0.12125220458553798
17 0.5147373202928759 0.2829635642135642 0.05678477900700126 0.1210016835016835
8 0.6207912457912459 0.2808341350008017 0.16066752177863283 0.12325637325637326
1 0.8545748129081462 0.2746049621049621 0.054518804518804566 0.11886886886886888
18 0.7919103313840155 0.3471134433305486 0.18274853801169588 0.02980541631857426
14 0.6485708318415084 0.3514179794724907 0.10616819827346133 0.02741228070175429
10 0.5429975330282079 0.3542975216671535 0.10650988411724614 0.02723609893855285
0 0.4383558979147214 0.35641339869281047 0.1052365390600684 0.025968720821662065
7 0.3321909571909572 0.35765016233766234 0.10897667147667146 0.02564709595959598
2 0.43354552469135804 0.38026313833898107 0.6673004850088183 0.03962680577849112
3 0.49422546796496386 0.40380282547801727 0.7822573473833978 0.04396686210716172
12 0.8254247147319436 0.3708285523044559 0.11813125517944784 0.028088544654809745
11 0.4137582074329062 0.20536013100019124 0.25259769235672846 0.03630593803786579
15 0.742649472138002 0.16225242535372453 0.32122266561639223 0.054752755112656835