15 0.7732348111658456 0.06821566564950685 0.26190476190476186 0.05103156666909674
13 0.1340722495894909 0.12566545357107112 0.2167487684729064 0.059702166996962625
11 0.3845739055411761 0.12462399302680383 0.28553199187331263 0.0617850880854972
8 0.6169327731092438 0.2704887451809477 0.18207282913165274 0.23007088670563366
1 0.881638655462185 0.2696004405990726 0.05322128851540621 0.22829427754188358
18 0.8091596638655463 0.40817595537157786 0.2023809523809524 0.048856752003126794
12 0.844873949579832 0.4557002505018921 0.1295518207282915 0.04796844742125178
14 0.6470448179271708 0.4072876507897028 0.12324929971988809 0.048856752003126794
10 0.5251960784313726 0.40817595537157786 0.12324929971988789 0.05063336116687683
17 0.4943837535014006 0.2687121360171976 0.06442577030812306 0.22829427754188358
6 0.4282072829131653 0.27004459289001015 0.07072829131652654 0.22918258212375858
16 0.12358543417366946 0.3122390605290742 0.19397759103641457 0.24250715085188415
4 0.24753501400560224 0.2709328974718852 0.059523809523809534 0.22918258212375858
9 0.3091596638655462 0.2696004405990726 0.06512605042016806 0.2300708867056336
5 0.36798319327731094 0.2718212020537602 0.05532212885154062 0.22740597296000856
0 0.4036974789915967 0.4086201076625154 0.12254901960784309 0.04974505658500181
7 0.27974789915966386 0.4086201076625154 0.1253501400560224 0.04974505658500181
2 0.40229691876750706 0.45658855508376717 0.7584033613445378 0.05152166574875196
3 0.46567226890756314 0.5045570025050189 0.8851540616246499 0.05329827491250199