13 0.18666294642857142 0.3827593537414966 0.186344068877551 0.06377551020408163
11 0.4058519892331933 0.37611607142857145 0.25219111081932777 0.0664328231292517
15 0.7450638458508404 0.31143184732909557 0.2309201024159664 0.06027831214452991
16 0.17719626913265307 0.554156037414966 0.16940369897959184 0.2258715986394558
4 0.2858139349489796 0.51296768707483 0.05181760204081631 0.2099277210884353
9 0.3401691619270659 0.5144766923162708 0.058700260329541676 0.21028841864614703
5 0.392936862244898 0.5123033588435374 0.04683514030612246 0.21125637755102034
6 0.44724569515306123 0.5089817176870749 0.06178252551020402 0.21258503401360537
17 0.5053746709020146 0.5096460459183674 0.05846139537545797 0.21391369047619038
8 0.6137906334408764 0.5043464100383743 0.16714928158763498 0.21660098334205488
1 0.8508250956632653 0.49901679421768713 0.05779655612244916 0.21391369047619038
7 0.31421396683673475 0.6425116921768708 0.11061065051020402 0.04916028911564633
0 0.42532286352040816 0.6391900510204082 0.10961415816326525 0.047831632653061305
10 0.5337065665609193 0.6353957181163064 0.11113921730551196 0.046610524551701005
14 0.6429036458333334 0.6321225071225072 0.10975894764957261 0.04785434472934469
18 0.7890428256639195 0.6271144943019943 0.18335408081501825 0.05119301994301987
2 0.42815503104286584 0.6832607909616838 0.6753071921877726 0.06332535685214258
12 0.8231921073717949 0.6716301638176638 0.11810563568376065 0.04896723646723652
3 0.48660714285714285 0.7254938968108612 0.7942044005102041 0.06655047168440031