13 0.1279035639412998 0.42983323988279337 0.23165618448637315 0.06647579777971141
11 0.3969159273341783 0.42642904178261154 0.307562315166878 0.06478747583745785
15 0.82319391634981 0.3642967903647217 0.29826784959864805 0.05947702699832188
16 0.12182397908346683 0.6283989377499167 0.21027237726283568 0.25843349374228736
4 0.25473794549266243 0.5830346790344682 0.06394129979035634 0.24638979656371882
9 0.32129979035639405 0.5830346790344682 0.07756813417190772 0.24638979656371882
5 0.3847169811320754 0.5823758827869716 0.06184486373165618 0.24507220406872568
6 0.44970649895178194 0.5830346790344682 0.0765199161425576 0.24902498155370506
17 0.5220180787717914 0.5825261785088339 0.07445440849415301 0.24740679761498732
8 0.6520329849901555 0.5818673822613374 0.20436170297566358 0.24608920511999402
1 0.9512788259958072 0.5803994940444819 0.06708595387840685 0.25166016654369144
7 0.2935220125786164 0.7312638347211974 0.13522012578616355 0.05533888478971238
0 0.42437637005683493 0.730605038473701 0.12927660999115181 0.051386107304732774
10 0.5571488469601676 0.7325814272161905 0.13626834381551362 0.052703699799726056
14 0.6893124805701031 0.7314942881613864 0.13189914787446874 0.05579979167008998
18 0.8687630230129693 0.7320253330452999 0.2290983730699635 0.05686188143791746
2 0.42821802935010483 0.7855882233883389 0.8176100628930817 0.05594507753455711
12 0.9114913392479932 0.7864774730760244 0.14871144909167722 0.05629075769484024
3 0.5010577038046727 0.8383645661202982 0.9695787199783181 0.058725548389010174