13 0.2194450021191639 0.3314446749499952 0.19964754957728256 0.05316498992467666
11 0.4424859454271219 0.3340791017261606 0.24967777320718504 0.05247192894251722
15 0.7712221434758643 0.2785652413575872 0.31006378454996436 0.0662781846339606
16 0.2050191145640646 0.5025280552472561 0.1826674065852756 0.22711390635918932
4 0.320940263360246 0.46396418044341914 0.053765378700499765 0.2126585928489043
9 0.37589994265296617 0.4640645929568716 0.06012695261269771 0.21260898414943125
5 0.42898181888291204 0.4648106374637695 0.04675419823780059 0.2117595645272202
6 0.4828083715755806 0.46486397831145926 0.06170908079543863 0.21116575310683627
17 0.5411737697833955 0.46498856659284465 0.05559156628675352 0.21096286693434643
8 0.6480331556933115 0.46496798914093485 0.16077810862437186 0.21029166002163455
1 0.8793183003914227 0.4668310921997716 0.053273348382005495 0.20770794389868977
7 0.34967320261437906 0.5927015250544663 0.1117647058823529 0.04596949891067543
0 0.459489351296074 0.5920886873267825 0.10809879507358493 0.04483274791398037
10 0.5675364658058344 0.5923202614379085 0.10835126733620268 0.04483500717360099
14 0.6750486454123634 0.5923098671190274 0.10726937085266676 0.04506976666832984
18 0.8179708564491311 0.5927070540239134 0.1787641694546787 0.045740576048033804
2 0.4547492582061197 0.6381082321568322 0.6781810898432181 0.04664681369138254
12 0.8505485527544352 0.6372320169898025 0.11482534190146648 0.04508339283425789
3 0.5131958530538653 0.6833427240628052 0.7924047780031552 0.04747577191796261
16 0.22786336756924994 0.05922121935193831 0.17053117543313626 0.11844243870387662
7 0.3584558823529412 0.10321350762527233 0.10334967320261437 0.03758169934640523
0 0.45955882352941174 0.10648148148148148 0.09967320261437909 0.03758169934640523
10 0.559732079030609 0.10853830018004754 0.10097247019833315 0.037847820725635896
2 0.45608996539792385 0.1391914790607601 0.6334409842368319 0.05055035812436811
12 0.8254467190694192 0.14072768804046337 0.11050128127609331 0.038143829239968126
18 0.7922497192709683 0.10437361435029226 0.17005700958797618 0.03935005230677684
14 0.6593556225909166 0.10753589184961732 0.10055304172951234 0.03910396067258814
3 0.5098353443941679 0.17526953801463607 0.7473395341042399 0.05167309088877719
8 0.632869569396386 0.04665673458926054 0.14898116109188783 0.0917115212097911
1 0.8467652597762269 0.04246519700158783 0.0530814962519849 0.08493039400317566
17 0.5341603894734824 0.045521629961857664 0.05151131811473364 0.09104325992371533
6 0.4809719586759435 0.04488272989221756 0.05534471853257414 0.08912655971479501
5 0.43209610334847526 0.04424382982257745 0.04240699212236221 0.0884876596451549
4 0.3339850114043662 0.043087601761325915 0.049834205431928395 0.08441111507125688
9 0.3838546214707205 0.04344067811560071 0.055899552803577585 0.08688135623120143
15 0.7865798387481513 0.799103096226325 0.3172558561137349 0.08269325572889323
13 0.21235821086853043 0.8744019700709167 0.20144645217162666 0.06313372720670042
11 0.44070097174672335 0.8711715138730389 0.257201646090535 0.060518034374243634
16 0.19923005717675699 0.967695952199926 0.18251301563922387 0.062214649958981134
8 0.6514305501450028 0.948650247442612 0.1655629139072847 0.09955417045405349
1 0.8915692989524577 0.9491747992956696 0.05346270928462708 0.09947175217118807
17 0.5408160981287492 0.9484286865431104 0.057122392335929854 0.10096397767630648
6 0.4813740832796342 0.9488656704204895 0.06213753106876568 0.10009000992154826
5 0.42642839608456845 0.9490676813239642 0.049288103347755303 0.09895977170210803
9 0.37253751265764523 0.9492492354270868 0.06156218355886955 0.09932287990835366
4 0.31644113044278743 0.9500163654402816 0.05446623093681923 0.0977886198819642