13 0.18793920120974913 0.21237027812370277 0.20366705212595623 0.10212983363668296
11 0.4222428748451053 0.21511295396053762 0.26703841387856264 0.10437517872462114
15 0.7786926889714993 0.11448384329425218 0.22700123915737322 0.10151558478696025
16 0.17503097893432465 0.5307313194859663 0.18401486988847585 0.413944853164184
4 0.2927509293680297 0.45889333714612524 0.05514250309789342 0.3946239633971976
9 0.3503717472118959 0.45889333714612524 0.06381660470879799 0.3946239633971976
8 0.6394052044609666 0.46291106662853876 0.1722428748451053 0.3923076923076922
5 0.40582403965303593 0.459064912782385 0.050805452292441086 0.39428081212467814
6 0.46332713754646837 0.4603231341149557 0.06714993804213122 0.39176436945953674
17 0.5257125154894672 0.4607663711752931 0.06133828996282527 0.39087789533886186
1 0.8912639405204461 0.46604232199027745 0.05638166047087983 0.39176436945953674
7 0.3228004956629492 0.696239633971976 0.1164807930607187 0.08578781812982557
2 0.43730483271375464 0.7796110952244781 0.7115117719950433 0.08776093794681139
0 0.43842627013630725 0.6964112096082355 0.11648079306071854 0.08435802116099511
10 0.5529739776951673 0.6976694309408065 0.11586121437422549 0.08292822419216464
14 0.6673605947955391 0.6971261080926509 0.11586121437422549 0.08292822419216464
18 0.8214002478314746 0.699442379182156 0.1948698884758365 0.08796110952244782
3 0.4991449814126394 0.8644123534458109 0.8369021065675339 0.09545324563911908
12 0.85546875 0.7827524038461537 0.125 0.08198832417582415