13 0.198125 0.30885416666666665 0.203125 0.06145833333333333
15 0.772578125 0.25625 0.21359375 0.05416666666666667
16 0.1903125 0.4875 0.18125 0.23541666666666666
8 0.642265625 0.446875 0.16796875 0.22083333333333333
11 0.43015625 0.30885416666666665 0.2609375 0.059375
4 0.306328125 0.44583333333333336 0.05234375 0.21875
9 0.36140625 0.446875 0.0625 0.21875
5 0.4153125 0.44645833333333335 0.05 0.21958333333333332
6 0.4715625 0.44635416666666666 0.065625 0.21979166666666666
17 0.531328125 0.446875 0.05703125 0.22291666666666668
2 0.44948447452229295 0.6258824309978769 0.7027189490445859 0.04759819532908712
3 0.504609375 0.6743099787685775 0.81140625 0.051380042462845
1 0.881953125 0.45 0.05203125 0.21666666666666667
7 0.335234375 0.578125 0.11328125 0.04583333333333333
0 0.448125 0.5796875 0.1140625 0.04895833333333333
10 0.560625 0.5786458333333333 0.1140625 0.042708333333333334
14 0.671171875 0.5786458333333333 0.10859375 0.04479166666666667
18 0.817109375 0.5788720806794054 0.18390625 0.046077494692144304
12 0.8548749999999999 0.6253333333333333 0.10974999999999994 0.04666666666666667