15 0.8186637581168832 0.11313081382285534 0.3525771103896105 0.1516649440524873
13 0.11921672077922078 0.16312407315867522 0.21560470779220778 0.11459129106187929
11 0.3995028409090909 0.18278434368399768 0.3475040584415584 0.14492427987237677
8 0.6677404626623377 0.4394913045432077 0.19023944805194803 0.3684896418460432
1 0.9321732954545454 0.4445468026782905 0.053267045454545414 0.3381566530355458
16 0.0970221185064935 0.5136386105244237 0.194044237012987 0.4538713881274435
18 0.8598823051948052 0.6535073922617176 0.1965807629870131 0.07976452613130831
14 0.7001706932773109 0.658576107385389 0.1247373949579833 0.08310842424418634
17 0.5375614872685185 0.4381327694476483 0.07052951388888884 0.37966166858900424
6 0.4627786624203821 0.43852070614682737 0.07961783439490455 0.39120181605800813
5 0.3912470143312102 0.43796971767350623 0.06593351910828027 0.40111960857778856
9 0.315672273089172 0.4335618098869371 0.08770402070063699 0.4121393780442113
4 0.23263335987261147 0.4341127983602583 0.08086186305732479 0.4242611244572763
2 0.4173716162420382 0.7580940206730875 0.8347432324840764 0.13995107222356898
3 0.4792620421974522 0.8330284530447623 0.9585240843949044 0.164194565049699
10 0.5703871417197452 0.6660789456284574 0.13559912420382148 0.08815815573138211
0 0.4304339171974522 0.6754457496749168 0.14430732484076436 0.09366804046459364
7 0.2755523487261146 0.6864655191413396 0.1666998407643312 0.09807594825116261
12 0.8969446656050954 0.7217287814338924 0.12315883757961776 0.07824036321160159