15 0.769620253164557 0.21068917018284106 0.2265822784810125 0.07735583684950777
13 0.21170886075949366 0.2944913267698078 0.19303797468354428 0.07618377871542424
11 0.43130782751452096 0.29419675125592776 0.24726576789585908 0.07793874395583118
8 0.6349062379268328 0.4724200708182401 0.1594365360040415 0.29047035683191286
16 0.19841688654353562 0.533079253395876 0.18047493403693932 0.3078276165347406
4 0.3118562221784225 0.47775947281713343 0.053036991309069206 0.2892183781804868
9 0.36730553749759076 0.476445335908998 0.05906838324409614 0.2873944758477594
1 0.8732173913043478 0.4698872785829308 0.05182608695652175 0.2917874396135266
18 0.8092857142857143 0.6459435626102292 0.18904761904761905 0.06172839506172847
12 0.8457142857142856 0.7074514991181657 0.12523809523809518 0.0630511463844797
2 0.44629629629629625 0.7161734560194818 0.6814814814814814 0.07903854749464388
3 0.5067901234567901 0.7762688614540466 0.8111111111111111 0.07773205304069498
0 0.44777777777777783 0.6486947274944631 0.1074074074074074 0.06246422585240907
7 0.34024691358024695 0.6520347508001829 0.11111111111111109 0.06401463191586648
14 0.6630075187969924 0.6471734892787523 0.10616541353383445 0.06460595934280154
10 0.5561 0.6481481481481481 0.109 0.06296296296296296
17 0.5283045977011495 0.47413793103448276 0.05431034482758628 0.2862920391656023
6 0.471027027027027 0.4742742742742743 0.06032432432432438 0.28708708708708713
5 0.4183783783783784 0.47567567567567565 0.04583783783783781 0.28668668668668673