15 0.7583999595182674 0.14510373443983401 0.21252909624531924 0.0829875518672199
1 0.8722548325068312 0.45561549100968185 0.055662382349964554 0.3554633471645919
13 0.19292075700839995 0.23085753803596124 0.19481833822487601 0.09405255878284927
11 0.41810039469689303 0.2322406639004149 0.25807104544074483 0.09405255878284918
8 0.631262018014371 0.4576901798063623 0.1695172553385285 0.3568464730290456
18 0.8083695982188036 0.6706915629322268 0.18596295921465428 0.08022130013831258
16 0.17647505313227407 0.5220055325034578 0.17710758020443274 0.38035961272475793
4 0.28874860844044126 0.4557965177772354 0.056294909422123264 0.3578675453583923
9 0.34594691535150646 0.45725490196078433 0.06276901004304163 0.3576470588235293
5 0.4004662840746055 0.4580392156862745 0.05057388809182215 0.3592156862745098
6 0.45803443328550936 0.45647058823529413 0.06527977044476317 0.35607843137254896
17 0.5179340028694405 0.45725490196078433 0.056671449067431955 0.3592156862745098
7 0.31796987087517936 0.6737254901960784 0.11585365853658537 0.07686274509803923
0 0.4331061692969871 0.6741176470588236 0.11441893830703005 0.07607843137254917
10 0.5477044476327115 0.6741176470588236 0.11477761836441888 0.07607843137254917
14 0.6606886657101865 0.6729411764705883 0.11190817790530859 0.07686274509803923
12 0.8433122734841805 0.7468406961178045 0.11693113919090978 0.07764390896921024
2 0.4359956455533887 0.7468595594499208 0.7001509363395934 0.08563831081903364
3 0.49460111788617894 0.8270833333333333 0.817454268292683 0.0875