15 0.6159855769230769 0.10176001882732652 0.18167529585798814 0.04079814416352878
15 0.6256934171597633 0.5618219921104537 0.18722263313609472 0.04252958579881654
13 0.15975560897435898 0.15402421652421652 0.15324519230769235 0.04985754985754986
11 0.3379166666666667 0.14625000000000002 0.20458333333333334 0.05416666666666667
16 0.14838836477987422 0.2938286163522012 0.14249213836477986 0.1867138364779874
8 0.5090890522875817 0.24969362745098037 0.13786764705882354 0.1766748366013072
17 0.41870915032679734 0.2519063180827887 0.04544526143790857 0.17701525054466227
6 0.3698171977124183 0.25462962962962965 0.051828022875817045 0.17293028322440082
10 0.441687091503268 0.3569240196078431 0.09191176470588229 0.040509259259259287
14 0.5330882352941175 0.3545411220043573 0.09140114379084956 0.03914760348583878
18 0.6519352532679739 0.3530835313923549 0.1473141339869281 0.038126361655773405
1 0.7013378267973855 0.2496936274509804 0.046466503267973816 0.17258986928104575
4 0.23884483830845768 0.25963930348258707 0.0419776119402985 0.1751658374792703
9 0.2828739466292135 0.2581733770287141 0.050181413857677895 0.17380617977528084
5 0.32595973782771537 0.2571004993757803 0.04037921348314608 0.17361111111111108
7 0.2614881542826824 0.3633342656885587 0.08874123393849924 0.03887873230447454
0 0.35101912673879443 0.3604778464708913 0.09056221020092732 0.04024987120041222
2 0.35493827160493824 0.39834104938271603 0.5545910493827161 0.052083333333333336
3 0.4024402006172839 0.4346707818930041 0.6524884259259258 0.05272633744855971
12 0.678698788681837 0.39112580128205127 0.09602223395708051 0.036773122710622747
13 0.1543243838028169 0.6084947183098592 0.1601012323943662 0.04841549295774641
11 0.3393210827464789 0.6079445422535211 0.2104423415492958 0.050249413145539754
16 0.1460717429577465 0.7579592136150235 0.1424955985915493 0.19402875586854454
4 0.23740096830985918 0.7245818661971832 0.043463908450704206 0.183025234741784
2 0.3565052275398417 0.8721076147805272 0.5604905611804791 0.04790764148517373
3 0.40544962375536675 0.9079470973782772 0.6559195727139855 0.053253745318351996
1 0.7112363387978142 0.718351548269581 0.040983606557377074 0.17987249544626588
8 0.5129354508196722 0.7239799975532174 0.13874658469945356 0.186575659951608
18 0.6573109567901234 0.828849251922034 0.1494984567901234 0.046758860497017454
12 0.6844135802469136 0.8640689300411524 0.09529320987654319 0.04295267489711942
6 0.37222782258064513 0.7244623655913979 0.0524193548387097 0.18413978494623653
17 0.4216229838709677 0.724630376344086 0.045866935483870996 0.18380376344086027
5 0.32623487903225806 0.7252758913412564 0.040070564516129004 0.18520090548953025
9 0.2828881048387097 0.7253024193548386 0.04712701612903221 0.1858198924731184
0 0.352570564516129 0.8353494623655915 0.092741935483871 0.04233870967741922
7 0.26171012693156726 0.8352878955114054 0.08950745033112587 0.04254047093451068
10 0.4448784722222222 0.8353462157809984 0.09227807971014493 0.042773752012882464
14 0.5368178638059702 0.8338215719647375 0.09163168532338303 0.041718490878938516