13 0.18484375 0.3203125 0.2078125 0.065625
11 0.421171875 0.3260416666666667 0.26640625 0.06875
15 0.778984375 0.27708333333333335 0.23359375 0.06041666666666667
16 0.17390625 0.5046875 0.1828125 0.23854166666666668
8 0.636796875 0.475 0.17109375 0.22916666666666666
4 0.291484375 0.4666666666666667 0.05546875 0.22708333333333333
7 0.32078125 0.603125 0.1171875 0.052083333333333336
0 0.43625 0.6055208333333333 0.1159375 0.05354166666666667
10 0.550859375 0.6089583333333334 0.11796875 0.05291666666666667
14 0.66453125 0.6103125 0.1140625 0.05229166666666667
18 0.815703125 0.6135416666666667 0.19453125 0.05416666666666667
2 0.435625 0.6520833333333333 0.7078125 0.06458333333333334
3 0.496171875 0.703125 0.83203125 0.06875
12 0.849921875 0.6622916666666666 0.12390625 0.051666666666666666
9 0.3496875 0.4666666666666667 0.0625 0.22708333333333333
5 0.40515625 0.4685416666666667 0.05625 0.22541666666666665
6 0.46296875 0.469375 0.065625 0.22583333333333333
17 0.523515625 0.4703125 0.06015625 0.22604166666666667
1 0.88328125 0.48020833333333335 0.0546875 0.22708333333333333