15 0.7779179810725553 0.1351941873093034 0.253627760252366 0.09955008532864452
1 0.8914826498422712 0.47456947820240986 0.058044164037854895 0.38268604230232195
18 0.8214511041009463 0.7046982468842116 0.20189274447949537 0.08791436106945244
12 0.8570977917981072 0.7867947458240678 0.12807570977917976 0.07886435331230303
2 0.4063091482649842 0.7686947303097688 0.77602523659306 0.1124786678388581
3 0.4703470031545742 0.8533769457516678 0.9053627760252366 0.11118580958783683
11 0.4025236593059937 0.2037156746134354 0.29274447949526816 0.11765010084294363
17 0.5195583596214511 0.4551766044370895 0.05615141955835952 0.4007860578166211
8 0.6340694006309149 0.4635801830687284 0.17160883280757094 0.40207891606764234
14 0.6618296529968454 0.7021125303821689 0.11987381703470032 0.08532864456740966
16 0.1252365930599369 0.5081837927289652 0.2113564668769716 0.42664322283704814
7 0.29337539432176657 0.6865982313699126 0.13249211356466878 0.08791436106945244
0 0.4249211356466877 0.69370895175053 0.13312302839116727 0.08662150281843116
10 0.5466876971608833 0.6988803847546156 0.11167192429022088 0.08662150281843092
13 0.14132492113564668 0.1882013756011791 0.2296529968454259 0.11765010084294357
4 0.2618296529968454 0.44354088017789733 0.06435331230283918 0.4007860578166211
9 0.3271293375394322 0.4491339286227325 0.07255520504731862 0.3973571104330788
5 0.38942652329749106 0.4520682766319995 0.05913978494623655 0.3944121276220695
6 0.45555555555555555 0.4550061695751807 0.07598566308243722 0.39881896703684117