16 0.17523851185268507 0.15818335208098988 0.20466191726034247 0.03554243219597554
11 0.412543507468078 0.15464970207606377 0.2712443747625806 0.036262460761201785
16 0.1643013884630216 0.26071796632084965 0.1857092280691916 0.1366025120939931
4 0.28356948554688666 0.23585235255432996 0.055675126296595226 0.12756890263952408
9 0.34253451480153985 0.23528794731751718 0.06484563160190392 0.12754238493485806
5 0.3988784171075838 0.23489885312995656 0.052386463844797275 0.12802388765543088
6 0.4569706841129292 0.23419421991838968 0.06877468115685761 0.12830468185634236
17 0.5199491317779908 0.23323828156474097 0.06248268882497075 0.12806708766416883
8 0.6374043749574154 0.23141329279979891 0.1782806215845824 0.1297766989782826
1 0.8932856574291467 0.2278399785840262 0.06055642512658943 0.1277478584026203
7 0.3161616648458754 0.31283135723925193 0.11875307927939507 0.027613103270998036
0 0.4335226862713044 0.3115139127940333 0.11704973805852581 0.028586568496206968
10 0.550576934340772 0.3100198412698413 0.11909642905952865 0.029377525918116293
14 0.6684892949427833 0.307877886002886 0.11779151798531658 0.029085497835497773
18 0.8259656624148388 0.30540624909648134 0.1988022589956937 0.0293530625668604
2 0.4355560971879719 0.3375519927293813 0.7288540332498581 0.03712272912644251
12 0.8632541770095572 0.33185733643050713 0.12792447602347176 0.028310104529616693
3 0.49934561185291754 0.36365774786289107 0.8576445309350045 0.03791544191894859
15 0.7708051896881682 0.10633020938872002 0.3412416976246764 0.05751857480580886