16 0.7939518072289157 0.20030120481927707 0.21084337349397583 0.11024096385542169
13 0.8072048192771083 0.27620481927710844 0.21084337349397583 0.04156626506024099
11 0.5650361445783132 0.29578313253012045 0.2951807228915661 0.04698795180722891
7 0.629206611570248 0.1683884297520661 0.12727272727272748 0.026859504132231392
4 0.6820991735537191 0.22458677685950415 0.08760330578512412 0.09876033057851237
9 0.6217685950413223 0.2285123966942149 0.10082644628099183 0.10165289256198344
2 0.4746611570247934 0.1568181818181818 0.7884297520661158 0.06404958677685953
3 0.43085950413223145 0.1378099173553719 0.859504132231405 0.06487603305785127
12 0.043942148760330584 0.1804710743801653 0.08788429752066117 0.02705785123966939
0 0.5056528925619835 0.17541322314049587 0.13471074380165293 0.029338842975206603
5 0.5630909090909091 0.23285123966942148 0.08595041322314045 0.10123966942148763
6 0.4994545454545455 0.23739669421487605 0.1041322314049587 0.10206611570247935
17 0.432099173553719 0.2421487603305785 0.10330578512396699 0.1041322314049587
10 0.3771404958677686 0.18326446280991734 0.14049586776859507 0.028512396694214886
14 0.24325619834710743 0.1915289256198347 0.14380165289256194 0.03016528925619832
18 0.0911900826446281 0.20041322314049587 0.17851239669421487 0.03305785123966939
8 0.2994545454545454 0.2518595041322314 0.2380165289256198 0.11528925619834712
1 0.025760330578512396 0.27229752066115703 0.05152066115702479 0.10740495867768596
15 0.1833388429752066 0.3611570247933884 0.3661157024793388 0.06859504132231405
15 0.2683076923076923 0.6076923076923076 0.38974358974358975 0.08205128205128222
13 0.8877948717948718 0.5046153846153847 0.2010256410256411 0.04615384615384619
16 0.8710212765957447 0.43127659574468086 0.20680851063829778 0.11276595744680856
2 0.5659148936170212 0.4021276595744681 0.7557446808510637 0.091063829787234
3 0.4812340425531915 0.38978723404255317 0.9080851063829788 0.10297872340425533
16 0.3991063829787235 0.4995744680851063 0.2263829787234042 0.11404255319148933
11 0.6535744680851064 0.5314893617021277 0.2808510638297871 0.05531914893617022
4 0.7642127659574468 0.4591489361702128 0.08340425531914888 0.09531914893617022
7 0.7135744680851064 0.4082978723404256 0.12 0.031063829787233998
0 0.5957021276595744 0.4202127659574468 0.12765957446808512 0.03191489361702134
10 0.4731489361702127 0.4323404255319149 0.13276595744680855 0.032340425531914886
14 0.3463404255319149 0.44468085106382976 0.13617021276595734 0.03319148936170211
18 0.16591489361702128 0.4623404255319149 0.24 0.04382978723404256
9 0.7067659574468085 0.46595744680851064 0.097872340425532 0.09702127659574467
5 0.6505957446808511 0.4723404255319149 0.084255319148936 0.09787234042553178
6 0.5918723404255319 0.4785106382978723 0.10127659574468088 0.09914893617021267
17 0.5267659574468084 0.48574468085106376 0.09702127659574467 0.1
1 0.1093191489361702 0.5302127659574468 0.10638297872340426 0.10468085106382978
12 0.11570212765957445 0.4451063829787234 0.15829787234042553 0.03659574468085111