13 0.17390625 0.3171875 0.2171875 0.071875
15 0.775859375 0.2828125 0.22578125 0.06145833333333333
16 0.156328125 0.5098958333333333 0.20546875 0.253125
4 0.282890625 0.4703125 0.06015625 0.234375
11 0.418828125 0.32760416666666664 0.27421875 0.071875
8 0.6403125 0.48072916666666665 0.1734375 0.234375
18 0.823125 0.6229166666666667 0.19375 0.052083333333333336
10 0.552421875 0.61875 0.12109375 0.052083333333333336
14 0.66921875 0.6208333333333333 0.1140625 0.05
5 0.40203125 0.47291666666666665 0.0546875 0.23333333333333334
6 0.46140625 0.4765625 0.0734375 0.23229166666666667
17 0.52390625 0.4765625 0.0640625 0.23229166666666667
9 0.34421875 0.47291666666666665 0.06875 0.23541666666666666
7 0.312578125 0.6119791666666666 0.12578125 0.051041666666666666
0 0.4340625 0.615625 0.1203125 0.052083333333333336
1 0.888359375 0.48541666666666666 0.05703125 0.22708333333333333
2 0.423515625 0.6661458333333333 0.74765625 0.06145833333333333
3 0.486796875 0.7182291666666667 0.87578125 0.06145833333333333
12 0.8590625 0.6729166666666667 0.1296875 0.052083333333333336