13 0.1590625 0.33645833333333336 0.2296875 0.06875
11 0.418828125 0.3380208333333333 0.29609375 0.06979166666666667
15 0.8028125 0.27760416666666665 0.240625 0.06145833333333333
16 0.149296875 0.5442708333333334 0.20703125 0.2677083333333333
2 0.432890625 0.696875 0.77734375 0.07083333333333333
3 0.49578125 0.7479166666666667 0.8984375 0.075
18 0.845390625 0.6348958333333333 0.19921875 0.053125
4 0.28015625 0.4953125 0.0609375 0.24895833333333334
1 0.915703125 0.490625 0.05390625 0.23958333333333334
12 0.88328125 0.6875 0.1265625 0.05625
8 0.656328125 0.49270833333333336 0.18359375 0.24375
7 0.31609375 0.6463541666666667 0.13125 0.057291666666666664
0 0.44328125 0.6421875 0.1284375 0.05520833333333333
10 0.56765625 0.640625 0.1265625 0.05625
14 0.68875 0.6395833333333333 0.11875 0.05625
9 0.345 0.4947916666666667 0.071875 0.25
5 0.40671875 0.4945833333333333 0.0546875 0.24833333333333332
6 0.470390625 0.49333333333333335 0.07265625 0.24458333333333335
17 0.535546875 0.49416666666666664 0.06109375 0.245