13 0.1770055341483913 0.24096901215545286 0.25807525807525805 0.12925868858072248
11 0.46874654520529774 0.2380042969682502 0.3261326198951953 0.12413463833850565
15 0.8473669187954902 0.10416024653312786 0.29327815042100747 0.16640986132511557
4 0.3114481409001957 0.5321801718133271 0.07129524096255992 0.46775017413512876
9 0.3855046128040257 0.5308474576271187 0.08058536375561823 0.4657627118644067
5 0.4562020171609213 0.5306779661016949 0.06499430119782382 0.4640677966101694
6 0.5273596266746952 0.53 0.08611642760370752 0.4613559322033899
17 0.6038923894109804 0.5292314836312979 0.08251005354723563 0.4597167401903878
8 0.7456828885400314 0.5243965074473549 0.22501308215593918 0.45916795069337435
7 0.3509393831974477 0.8182066703116457 0.15293462298070587 0.11098961180973212
0 0.49978893815198105 0.8132018706621785 0.14815714037406233 0.10842691608829065
10 0.6459677888249317 0.8055241682360326 0.14954357811500665 0.1074701820464532
14 0.790453409111347 0.7991899914005935 0.14825015994059715 0.10485727759438551
18 0.9253163631043815 0.7925156430350525 0.1333535895747878 0.112994350282486
2 0.48967859482213055 0.9131107599278867 0.9338753017057645 0.1436184928164901
12 0.9711923354550824 0.8887568804839502 0.0424013285749623 0.10354787726851601
16 0.1520931449502878 0.6268287487264982 0.25185766614338045 0.5153524127072333
3 0.5571590485107462 0.964931215322642 0.8722219484551323 0.05016341111195558