13 0.10334062876435758 0.33340027311430637 0.2002002002002002 0.1325407663266126
11 0.3485010434162977 0.33340027311430637 0.29012062910368 0.1325407663266126
15 0.7865460397105967 0.18303437518747376 0.19703247551348801 0.13348131261623372
16 0.09400926350078893 0.6587276086432646 0.17984085780695952 0.37352397782954466
4 0.2075867972671234 0.5684005934084482 0.05278589037439067 0.3372931179465383
9 0.25784623928799 0.5684387236634328 0.05067049456665422 0.3375361347716404
5 0.3183861827929625 0.5673548076150696 0.07040939244329074 0.33938468953329587
6 0.3883714222697274 0.5683589043296651 0.07125769837634252 0.3413928829624869
17 0.4577362172298881 0.5666847319341395 0.07032348804500703 0.3380445381714356
8 0.6090234194718211 0.5662307276981222 0.23225091643885903 0.33895254664347
1 0.9656436097114064 0.566350710900474 0.06362294497887717 0.3373764961041047
7 0.23398629266468784 0.7898484042742491 0.10178361154546521 0.11128238656757573
0 0.3539142016936482 0.7902642782552816 0.14017213952850086 0.11045063860551049
10 0.5033514527185413 0.790449337092807 0.16155395902231343 0.1094846721458995
14 0.6529474121192638 0.790449337092807 0.14270631927787067 0.11548383226348317
18 0.8612536587220131 0.7894594756734056 0.27549068055397175 0.11446397504349368
2 0.4189104358595884 0.8806329825688811 0.831339814390662 0.07831954373845292
12 0.9164794487686571 0.8805124909631294 0.16673571232678733 0.07382119045706462
3 0.5011197638316283 0.9519238493051652 0.9957584703347415 0.07229496345087982