15 0.631 0.49099099099099097 0.162 0.05105105105105105
11 0.383 0.5225225225225225 0.19 0.05405405405405406
13 0.212 0.524024024024024 0.152 0.05105105105105105
6 0.413 0.6291291291291291 0.046 0.16516516516516516
8 0.53 0.6291291291291291 0.116 0.15915915915915915
1 0.683 0.6291291291291291 0.05 0.15315315315315314
4 0.293 0.6306306306306306 0.038 0.16816816816816818
5 0.373 0.6321321321321322 0.038 0.16516516516516516
17 0.454 0.6321321321321322 0.044 0.16516516516516516
9 0.334 0.6336336336336337 0.044 0.16816816816816818
16 0.206 0.6696696696696697 0.14 0.1921921921921922
18 0.634 0.7237237237237237 0.116 0.042042042042042045
14 0.544 0.7252252252252253 0.072 0.03903903903903904
10 0.47 0.7282282282282282 0.076 0.03903903903903904
0 0.394 0.7312312312312312 0.08 0.03903903903903904
7 0.313 0.7372372372372372 0.078 0.04504504504504504
12 0.654 0.7537537537537538 0.068 0.03003003003003003
2 0.379 0.7717717717717718 0.482 0.06606606606606606
2 0.412 0.8063063063063063 0.548 0.08108108108108109