13 0.1716718923509047 0.29853762492651376 0.2233163498595597 0.03674309229864777
11 0.4254033575021229 0.30041581272369594 0.28577960676726116 0.03804992840643548
15 0.8001129850088183 0.25796994144880175 0.3479662698412698 0.05401031940553999
16 0.16214041972752294 0.4103486514446845 0.2024054072959258 0.14524981893124675
4 0.2901207777470022 0.3854713673648002 0.06154324553355846 0.13688895140397248
9 0.3523963249792483 0.3854480893248663 0.06998838612197467 0.13667377023377578
5 0.41193561902059966 0.3859893849778332 0.05478030082160719 0.1355497344038239
6 0.4724895155777228 0.3862530186641425 0.06981924926783485 0.13433920076695308
17 0.5374813058830857 0.386261327751953 0.062028416529204475 0.13392144387497587
8 0.657789120732245 0.3862814065019947 0.17941369470391674 0.1340877259994908
1 0.917627628657239 0.38584432503311206 0.054666022850704744 0.1319677079259272
7 0.32514880952380953 0.46769593253968256 0.12516534391534392 0.027901785714285716
0 0.44737547490851454 0.46735149639885315 0.12032958068200361 0.02807933011677511
10 0.5676553775632116 0.4671727561992539 0.12069343866578892 0.028230378172774444
14 0.6875230712440016 0.46650055370985605 0.11935523563430533 0.028377630121816145
18 0.8460340871845295 0.46563334035679166 0.1984126984126984 0.028752282623964037
12 0.8821987676657564 0.4934307078074659 0.12598663766135557 0.028389946858652933
2 0.44175090157677216 0.4956635473426518 0.7554594751112162 0.03208560372739476
3 0.5050897674077499 0.5243084695507972 0.8804835833925287 0.03354019774304198