13 0.1801972426972427 0.2117407844680572 0.20730958230958235 0.10890725436179975
11 0.41779848029848027 0.21147842056932967 0.27128264628264626 0.10549652367834184
15 0.7899949234218897 0.11434231413802405 0.25471002156395417 0.09771257003126262
16 0.1681454181454181 0.5353597492353472 0.1836381836381836 0.4163314622644767
4 0.28811766311766307 0.460741385143299 0.05630630630630631 0.39696486395050995
9 0.3468344627618821 0.46099960645415194 0.06283354468838336 0.3974813065722156
5 0.4015834015834016 0.4613112693757855 0.051187551187551236 0.3968579807289485
6 0.46019883519883514 0.4621671258034894 0.0670443170443171 0.39908172635445366
17 0.5226045827021581 0.4611211223651415 0.060671996656621104 0.3977243383941948
8 0.6385969055986797 0.4610827374872319 0.1741170502258615 0.39731504450605576
1 0.8942635817635817 0.46422226054503885 0.05374692874692851 0.3960556977921637
0 0.4343158948422106 0.6994759626338574 0.11524682577314163 0.08354218880534671
10 0.5505134320923795 0.7017882170992219 0.11846535530746048 0.08512879996133584
14 0.6681852306852306 0.7010625737898465 0.11517199017199041 0.08658008658008645
18 0.8228258902416206 0.702096405467192 0.19410932894078956 0.08844788170630867
2 0.4352818727818728 0.7850633874127234 0.7208913458913458 0.0809492856479576
12 0.8584322959322959 0.7846910665092484 0.1237032487032486 0.08461235733962989
3 0.4966342747241624 0.8665402013716621 0.8452272497216317 0.08463446665693848
7 0.3179166008113377 0.6998895309900095 0.11821031557873662 0.08423400098041242