13 0.22171707703203763 0.25083911193199615 0.20127692371786854 0.034158538824622255
11 0.45534794904752135 0.252608759553204 0.2675325949482651 0.036130707427003715
16 0.20739434319681233 0.35423723558474945 0.1837154614932393 0.13539188195611357
4 0.3259928800052257 0.33099402312365267 0.05429812528577958 0.12860082304526743
9 0.38355705793977396 0.3327362580834803 0.06409628323208573 0.12817827748383304
5 0.43915752171925 0.33325372330001957 0.050876935136194505 0.1283681167940427
6 0.4957786269514664 0.3334649960807368 0.06664380429812539 0.12855795610425236
17 0.557066104905611 0.33413555751518714 0.060830230583317144 0.1290539878502841
8 0.6732151022274478 0.3349592151675485 0.17718335619570183 0.1286314422888496
1 0.9281713371219543 0.3374240642759161 0.05756417793454825 0.1292132079169116
7 0.35514967021816335 0.4087165688193085 0.1150612451982315 0.02785931724287883
0 0.4694315717788891 0.4100289861473509 0.11415525114155242 0.02785931724287883
10 0.5836984678130511 0.41197368823385516 0.11608520723104052 0.028090487288903458
14 0.6991222993827162 0.41302775569417266 0.11608520723104067 0.028090487288903458
18 0.8560267857142857 0.4136736303634848 0.19697971781305096 0.028307501177792235
2 0.47194953810377194 0.4361732370049765 0.7116735471070148 0.03571164170945293
3 0.534822895331968 0.46372700044583676 0.8366095430107526 0.03740775026040023
12 0.8913541577772088 0.44108022913466466 0.12500222236445357 0.02850582437275987
15 0.8211880711880711 0.21335001803751805 0.3412097162097162 0.04903950216450217