13 0.147551978537894 0.22436324534030527 0.22535211267605634 0.10725942481234707
11 0.41019146593912553 0.21568693598718056 0.30458912267126814 0.09721894239689635
16 0.13637379834562932 0.5279035173608495 0.20299575229152692 0.397887323943662
4 0.2656389914053543 0.4558098591549296 0.06438631790744463 0.37676056338028163
9 0.3320441611746326 0.45574730820050036 0.07098880709406136 0.3804067920497033
5 0.39424392886482795 0.4542432740153496 0.06105383688246125 0.3798937336594417
6 0.46177084685982384 0.45097867644991696 0.07444623384574459 0.37585954850861647
17 0.5316351424135856 0.4523298473475584 0.06843455945252351 0.3874061735683563
8 0.6617482673820702 0.4497241432627702 0.18958193606080934 0.37515251187765325
1 0.9287286404104963 0.4488570460194321 0.05633802816901405 0.37323943661971837
2 0.43281913704448916 0.7621478873239436 0.7976749385200088 0.0985915492957746
12 0.8953521528371827 0.7505503078350342 0.12799797230934942 0.07539639031795584
3 0.4959024495163485 0.8387724550898203 0.9256300722944901 0.10354291417165662
7 0.3016299969452488 0.6831409040208354 0.1318219176620021 0.07797966900423763
0 0.43374925727866903 0.6817513368983956 0.13071895424836605 0.07854278074866308
10 0.5635151901442849 0.6806208772294982 0.13092734825739402 0.08414594607576298
14 0.6925830877926686 0.6754073737551635 0.12799797230934962 0.08120396906721314
18 0.8573329531413364 0.6741598687651436 0.20150175838798604 0.0836989790472531
15 0.8085416468650002 0.12457584830339323 0.2534613313056426 0.08982035928143714