13 0.12484296445259357 0.25376376819615876 0.2482451055775714 0.11485027951513807
11 0.41690103000447826 0.2122516189738196 0.33766233766233755 0.087175513366912
15 0.8205488850771869 0.14370892516429934 0.3552658662092625 0.11145855416578335
16 0.11103448275862067 0.48208058891902356 0.21674876847290636 0.347318315160237
4 0.2480698611733094 0.39836442132063976 0.07881773399014781 0.2961199977860186
9 0.3286789072995969 0.3850130436916676 0.08777429467084641 0.29514798689573707
5 0.40452593600283904 0.3755327392483533 0.07759389601940019 0.28643382963413955
6 0.48407523510971784 0.37207339347982504 0.10300044782803401 0.2795151380970831
17 0.5642364532019704 0.3727652626335307 0.10031347962382452 0.2781313997896717
8 0.7121381676228781 0.37495874893347714 0.2523380848169396 0.279279380419424
1 0.966833855799373 0.37138152432611937 0.061800268696820655 0.23385177395251006
7 0.2888222122704881 0.5692561022859356 0.17107030900134346 0.10101289644102492
0 0.4576533811016569 0.5498837659821773 0.16659202866099412 0.08164056013726674
10 0.6193193013882669 0.5457325510599434 0.16390506045678463 0.07057065367797641
14 0.7733721450962829 0.5478081585210605 0.15853112404836545 0.06918691537056515
18 0.9180206000895654 0.5429650744451209 0.15763546798029562 0.06503570044833124
2 0.47825347066726365 0.6495129241157911 0.954769368562472 0.1508274755078319
3 0.4999731303179579 0.7186998394863563 0.9964173757277205 0.16743233519676756
12 0.9692969099865649 0.6047245786386312 0.05776981639050643 0.06678573778315738