13 0.2145749713302752 0.1221449732415902 0.1845613532110092 0.05554759174311926
11 0.42691012041284404 0.1099006116207951 0.24190080275229353 0.06092316513761468
16 0.19598444667431192 0.27236238532110085 0.17963374426605505 0.20427178899082574
4 0.3084235235091743 0.23324015672782872 0.05330776949541283 0.18695049694189603
9 0.3619552752293578 0.22905915519877673 0.05823537844036697 0.18695049694189603
5 0.4130232224770642 0.22637136850152903 0.04748423165137616 0.18874235474006115
6 0.4672269208715596 0.22338493883792046 0.061819094036697275 0.18874235474006115
17 0.524566370412844 0.22009986620795105 0.06002723623853212 0.1893396406727829
8 0.6338696961009174 0.2132310779816514 0.16933056192660545 0.19352064220183487
1 0.872564935064935 0.1982717803030303 0.07482751623376616 0.19023944805194803
15 0.7573178774350648 0.03931615259740259 0.3173954951298703 0.07525027056277056
7 0.3357726258116883 0.3436992694805195 0.11097301136363635 0.048193993506493484
0 0.4448432426948052 0.3377807088744589 0.10843648538961037 0.0448119588744588
10 0.5542309253246753 0.32974837662337664 0.11414366883116878 0.04734848484848486
14 0.665521002435065 0.32382981601731603 0.11224127435064934 0.04565746753246754
18 0.8154931006493507 0.3162202380952381 0.1940442370129869 0.05242153679653683
12 0.8554433847402598 0.355959145021645 0.13063108766233755 0.05073051948051951
2 0.44801390016233766 0.37921063311688313 0.6931057224025974 0.08032332251082257
3 0.5126953125 0.41725852272727276 0.8262733360389611 0.0870873917748917
13 0.19848315746753248 0.5960836038961039 0.20038555194805197 0.05580357142857147
11 0.4267704951298701 0.6032704274891775 0.25872564935064934 0.06003111471861485
15 0.7717043185022214 0.5448190789473684 0.31953485453691055 0.07734179197994988
16 0.18508262399606973 0.766231096206425 0.18279741434552288 0.22192377249943038
4 0.30176281880126454 0.7297629727728411 0.05343458967019821 0.2047910970608339
8 0.6318950118549214 0.7357260338345865 0.16300583667976754 0.20657111528822045
1 0.8722809109065277 0.7383960611756665 0.05637161974538607 0.20514710070631104
17 0.5262123259142174 0.7332785087719299 0.05643770292207795 0.20559210526315752
6 0.4660863139738551 0.7343910201640464 0.0634138168574846 0.20728312257917528
5 0.41078337267173615 0.7316542421394395 0.04972992673444976 0.20688261847801326
9 0.3569489464072112 0.7303192284688995 0.06101079225051265 0.2075946257689679
2 0.4358479205827067 0.8982416979949873 0.6902020676691729 0.04992951127819545
7 0.33084909539473684 0.8561442669172932 0.11454417293233088 0.04405545112781972
0 0.4406205944548872 0.8571232769423558 0.11234140037593976 0.046013471177944965
18 0.8040780662593985 0.8610393170426064 0.18723566729323293 0.04797149122807021
10 0.5485564497180451 0.8576127819548871 0.1094043703007519 0.045034461152882344
14 0.6573513862781954 0.8595708020050123 0.109154722744361 0.045034461152882344
12 0.839080122180451 0.9047716948621553 0.12066788063909772 0.04536732456140354
3 0.4938542645676692 0.9457236842105262 0.8150258458646616 0.05090852130325807