16 0.45185185185185184 0.15132441646997113 0.3518518518518519 0.21400472069236823
7 0.3157407407407407 0.3139260424862313 0.07592592592592587 0.13217938630999213
13 0.7138888888888889 0.17492787831104115 0.08333333333333333 0.22344610542879623
2 0.24537037037037032 0.4345659585628114 0.08333333333333333 0.7867820613690008
3 0.17407407407407405 0.5006556517178075 0.09259259259259255 0.9315499606608969
11 0.7083333333333334 0.4230264883293994 0.07962962962962984 0.2769472856018883
0 0.3185185185185185 0.4403356936795174 0.07407407407407413 0.12483608707054819
10 0.3175925925925926 0.5651717807500655 0.07592592592592587 0.12483608707054801
14 0.31666666666666665 0.6884343036978757 0.07407407407407397 0.12378704432205606
18 0.32222222222222224 0.8526094938368739 0.07407407407407397 0.2066614214529241
12 0.25277777777777777 0.89247311827957 0.06851851851851841 0.13742460005245238
1 0.5138888888888888 0.9139784946236558 0.31666666666666665 0.07343299239443983
4 0.5120370370370371 0.28612640965119324 0.3203703703703703 0.06818777865198013
8 0.5148148148148147 0.6553894571203777 0.3185185185185184 0.1835824809861001
9 0.512037037037037 0.34644636768948334 0.32407407407407396 0.07553107789142408
5 0.512962962962963 0.40729084710201946 0.3222222222222221 0.05455022292158413
6 0.5120370370370371 0.46865984788880155 0.3203703703703703 0.07028586414896419
17 0.5138888888888888 0.5347495410437976 0.3203703703703703 0.06399160765801218
15 0.8055555555555556 0.7891424075531078 0.11851851851851873 0.33359559402045635