13 0.13709236655128437 0.20538589617045036 0.22681727090544726 0.10967208047936668
11 0.4003808691308691 0.2050188617352796 0.30063686313686316 0.11207697774861954
15 0.8071826133050624 0.09099101018724501 0.2670288894778692 0.11499915046746538
4 0.25592742991878437 0.46525298579150354 0.05927429918784384 0.40861972557959475
9 0.32027770500392977 0.464894547435732 0.07139114487817656 0.40646909544496546
5 0.38299056850930047 0.4645361090799604 0.05534451139638463 0.40861972557959475
6 0.4479309979892052 0.464209800821272 0.07461106995449258 0.40831928830816827
17 0.5179119483543232 0.4639202126735357 0.06587998730024341 0.4077401120126955
8 0.6475834292289988 0.4641350210970464 0.19390103567318756 0.4093456766798916
1 0.9309359771466981 0.4648660578806522 0.05881364476558546 0.4092292695487443
7 0.2907954545454546 0.7111940298507462 0.12977272727272726 0.0860696517412933
0 0.42034090909090904 0.7109452736318407 0.12977272727272732 0.08756218905472649
10 0.5498863636363636 0.7106965174129353 0.12977272727272732 0.08805970149253725
14 0.6792045454545456 0.7119402985074628 0.13022727272727264 0.08656716417910436
18 0.8521310360462481 0.7113435317179687 0.21593742915438682 0.08808823711864623
12 0.8912378145545228 0.797570749742559 0.13885740194967142 0.08436619893053428
2 0.4228234617485213 0.7988566152461452 0.7979713036623318 0.0894192887297812
3 0.4916193181818182 0.8845545002261421 0.9368543388429753 0.08763003165988245
16 0.1250395256916996 0.540439108803807 0.2026482213438735 0.43112697382651954