13 0.1921875 0.28177083333333336 0.20703125 0.06354166666666668
11 0.42695312500000004 0.27708333333333335 0.265625 0.06458333333333337
15 0.78046875 0.20572916666666666 0.3195312499999998 0.078125
16 0.171484375 0.46197916666666666 0.2 0.2427083333333333
4 0.296484375 0.4182291666666667 0.059374999999999956 0.21979166666666664
9 0.35546875 0.41770833333333335 0.06640625 0.22083333333333335
2 0.44296875 0.5994791666666667 0.75703125 0.06770833333333333
5 0.41367187499999997 0.41562499999999997 0.05312499999999998 0.22083333333333335
3 0.50703125 0.6442708333333332 0.8882812499999999 0.07187500000000006
12 0.882421875 0.5875 0.12812500000000004 0.054166666666666696
1 0.900390625 0.4036458333333333 0.07187499999999991 0.2177083333333334
7 0.32578125 0.5505208333333333 0.12421875000000004 0.04895833333333336
6 0.47226562499999997 0.41562499999999997 0.07187500000000002 0.22291666666666674
8 0.651953125 0.4114583333333333 0.18281250000000004 0.22291666666666674
17 0.534375 0.4140625 0.06484375000000009 0.22395833333333334
0 0.447265625 0.5499999999999999 0.12343750000000009 0.05000000000000012
10 0.567578125 0.5489583333333333 0.12031249999999982 0.052083333333333336
18 0.844140625 0.5401041666666667 0.19843750000000004 0.055208333333333304
14 0.684765625 0.5447916666666667 0.12031249999999982 0.052083333333333336