13 0.1918280665987088 0.38199541284403665 0.2259599048589874 0.08887614678899078
11 0.45261637784573555 0.37893521427673743 0.29391777098199107 0.08562272213145664
15 0.8422120750887875 0.3136558219178082 0.2549467275494673 0.08133561643835616
16 0.18163438668025822 0.6371559633027523 0.20047570506286105 0.3297018348623853
4 0.31032959565069657 0.5783830275229358 0.06031260618416586 0.3125
9 0.3748895684675501 0.5783830275229358 0.0705062861026164 0.3125
5 0.4364763846415222 0.5783830275229358 0.05606523955147803 0.3125
6 0.4989126741420319 0.5776662844036696 0.06880733944954129 0.31393348623853223
17 0.5660210669384981 0.5769379555737087 0.06540944614339107 0.31252317142138997
1 0.9550763595064209 0.5877006880733944 0.05585438398056215 0.31106651376146777
7 0.34558273870200473 0.7681085683965494 0.12742099898063194 0.07353056962891955
0 0.47130479102956163 0.7697534403669725 0.12232415902140671 0.07024082568807337
10 0.5955233416760208 0.7693843037161319 0.12533116238360234 0.0723695248634563
14 0.7177400770277291 0.7690803153892836 0.12044916976377362 0.07176154820975995
18 0.8781126090928683 0.771696288330418 0.20340780933719926 0.07208907471531063
2 0.4699092110836486 0.8369487950860875 0.7673171537756179 0.0619969052406681
12 0.9158245244113032 0.8376999026014829 0.12693063177542244 0.06278512630388348
3 0.5341658171933401 0.899555815634033 0.8868501529051988 0.06321713585522204
8 0.6903221714865551 0.5781640604178883 0.1832825976661592 0.314975381109749