13 0.374 0.2561111111111111 0.23066666666666674 0.06333333333333334
15 0.923032258064516 0.19299880525686977 0.1499354838709678 0.08733572281959377
16 0.33851851851851855 0.47078189300411527 0.23851851851851846 0.28806584362139914
7 0.5066666666666666 0.5882965097662504 0.14320987654320994 0.0654819084213896
4 0.4807854137447406 0.4230949041608228 0.08078541374474048 0.2683496961196821
9 0.54726507713885 0.42449742870500234 0.08359046283309954 0.27021972884525475
5 0.6116409537166901 0.42613370733987843 0.06704067321178127 0.27255726975222067
6 0.6772519083969466 0.4274809160305343 0.08183206106870239 0.2707379134860051
17 0.7480916030534351 0.42951653944020357 0.07083969465648852 0.26870229007633595
11 0.6348997534742675 0.2596783166437594 0.2978772607282326 0.07155245762157213
2 0.60625 0.6536342592592592 0.7835 0.08606481481481486
8 0.8835972222222223 0.43351851851851847 0.20069444444444456 0.275462962962963
0 0.6445191916691713 0.5924938817928861 0.139182475557363 0.06637835663280688
3 0.6017322404371584 0.7169763205828779 0.7925355191256831 0.0860473588342442
10 0.7818181818181817 0.5961791831357048 0.13913043478260875 0.0632411067193675
14 0.9182815356489946 0.5996343692870202 0.13491773308957955 0.06703229737964649
18 0.9911042471042472 0.6031016731016731 0.013791505791505643 0.06046332046332054
15 0.9312586872586873 0.9 0.1334826254826253 0.12
13 0.3146061776061776 0.9700965250965252 0.2612123552123552 0.05314028314028292
11 0.6141042471042472 0.973957528957529 0.3402084942084943 0.045418275418275394