13 0.152338811630847 0.23309734513274333 0.22123893805309736 0.0986093552465234
11 0.41245259165613146 0.23183312262958278 0.2989886219974715 0.09608091024020228
15 0.8043615676359039 0.14144121365360302 0.24968394437421004 0.08723135271807836
16 0.14222503160556257 0.5320859671302149 0.19974715549936786 0.38811630847029066
4 0.27022756005056886 0.4650821744627054 0.05878634639696583 0.36788874841972186
9 0.3347029077117572 0.46571428571428564 0.07016434892541092 0.3691529709228824
7 0.3049936788874842 0.6888495575221238 0.1283185840707964 0.07964601769911496
8 0.6545512010113779 0.4650821744627054 0.1902654867256638 0.36788874841972186
18 0.8505056890012642 0.6806321112515802 0.20417193426042982 0.08091024020227565
1 0.9235145385587862 0.46445006321112514 0.05562579013906478 0.35903919089759795
2 0.4333122629582807 0.7647029077117572 0.7831858407079645 0.0872313527180784
3 0.49810366624525915 0.8405562579013904 0.9089759797724398 0.08975979772439976
12 0.8874841972187104 0.757749683944374 0.12895069532237682 0.07332490518331213
5 0.3966498103666245 0.46571428571428564 0.05625790139064472 0.37168141592920345
6 0.4598609355246523 0.46255372945638423 0.07395701643489247 0.3653603034134007
17 0.5281289506953223 0.4650821744627054 0.0651074589127685 0.36788874841972186
0 0.4326801517067003 0.6882174462705435 0.1283185840707964 0.07838179519595445
10 0.5606826801517067 0.6869532237673829 0.1276864728192163 0.08091024020227565
14 0.6867888748419722 0.6837926675094815 0.12452591656131484 0.07964601769911496
18 0.8498735777496839 0.6812642225031605 0.20417193426042982 0.07711757269279393