15 0.7797494172494174 0.040921108291032154 0.3444444444444444 0.05267554991539763
15 0.7807113649182177 0.3713435913705584 0.3419782853919908 0.05106281725888323
15 0.7763888888888889 0.6947916666666667 0.3472222222222221 0.04791666666666657
11 0.4119241192411925 0.08333333333333334 0.27551942186088524 0.03541666666666668
11 0.4134093510500647 0.4130710659898477 0.27367149397830187 0.0355329949238579
11 0.4135420399124117 0.7357552161092863 0.27428647855081123 0.03356570991340704
13 0.16955160744500847 0.08312182741116753 0.21235194585448391 0.035532994923857864
13 0.17335871404399322 0.41338832487309646 0.20812182741116753 0.03616751269035532
13 0.17634517766497462 0.7376269035532995 0.1987648054145516 0.033629441624365486
2 0.4352030456852791 0.9168781725888325 0.7115059221658206 0.03426395939086319
2 0.4339593908629442 0.5996192893401016 0.7173773265651439 0.02791878172588838
2 0.42970389170896783 0.27284263959390864 0.727580372250423 0.027918781725888308
3 0.4951727249062275 0.9418240389052572 0.8318372913042964 0.03593234176990535
3 0.49527072758037227 0.626269035532995 0.8401015228426396 0.02918781725888323
3 0.49275803722504236 0.29949238578680204 0.8518950930626056 0.02918781725888323
16 0.15982233502538074 0.1903553299492386 0.18950930626057533 0.1383248730964467
16 0.16447546531302876 0.5190355329949239 0.1852791878172589 0.1357868020304568
16 0.17039763113367173 0.8394670050761422 0.18697123519458544 0.1332487309644671
4 0.2812521150592216 0.16689720812182743 0.056632825719120206 0.13194162436548226
9 0.34044839255499154 0.1668781725888325 0.06345177664974613 0.1307106598984772
8 0.6361336717428088 0.16721446700507614 0.17428087986463614 0.1313071065989848
8 0.635761421319797 0.49496192893401014 0.1750253807106598 0.12936548223350258
8 0.6349407783417935 0.8125 0.1715905245346869 0.125
9 0.3417428087986464 0.49524111675126903 0.06593908629441624 0.13007614213197968
4 0.283888662099322 0.49525886549998227 0.05693130050998074 0.13011163962940614
9 0.34785367339935863 0.8147208121827412 0.06303391194254138 0.12436548223350258
4 0.2897634979233964 0.8155172872812466 0.056836640516843506 0.12595843243051377
5 0.39713197969543146 0.166243654822335 0.04991539763113366 0.13071065989847713
5 0.39884940778341793 0.49526015228426395 0.05155668358714043 0.13003807106598983
5 0.4009898477157361 0.8144035532994924 0.052351945854483876 0.125
6 0.4555076142131981 0.1665609137055838 0.06852791878172595 0.13134517766497467
6 0.4567766497461929 0.49524111675126903 0.06768189509306258 0.13007614213197968
6 0.4597631133671743 0.8135715807035604 0.06678510998307957 0.12460509034113101
17 0.5203276123199981 0.8129370629370629 0.05841237442760284 0.125
17 0.5192307692307693 0.4951923076923077 0.05944055944055947 0.12937062937062932
17 0.5193123543123543 0.1668006993006993 0.06160839160839165 0.13143356643356646
1 0.8911888111888112 0.166520979020979 0.05561771561771555 0.12937062937062935
1 0.8890675990675991 0.49394230769230774 0.05552447552447537 0.12837412587412586
1 0.8843240093240092 0.8100961538461539 0.05419580419580446 0.12456293706293707
18 0.8149766899766899 0.8861451048951049 0.1905594405594407 0.026660839160839202
18 0.8187645687645688 0.5710227272727273 0.19463869463869457 0.027534965034965067
18 0.8206759906759906 0.24475524475524477 0.1966433566433568 0.02884615384615387
12 0.8563519813519813 0.27141608391608396 0.12645687645687645 0.027097902097902134
12 0.853811188811189 0.5981818181818181 0.12487179487179513 0.02741258741258747
12 0.8506060606060606 0.9117744755244757 0.11930069930069938 0.027220279720279735
7 0.3208857808857809 0.8907342657342657 0.11580419580419582 0.027972027972028003
7 0.3155594405594406 0.5727709790209791 0.11713286713286711 0.026660839160839202
7 0.3125990675990675 0.2453758741258742 0.1195571095571097 0.026730769230769197
0 0.4303613053613054 0.2454108391608392 0.11829836829836832 0.027534965034965067
0 0.4326923076923077 0.5727709790209791 0.11829836829836832 0.027534965034965067
0 0.43656177156177167 0.8899213286713287 0.11522144522144515 0.027220279720279735
10 0.5503613053613055 0.8886713286713287 0.11522144522144534 0.027342657342657332
10 0.5491958041958042 0.5725174825174825 0.11606060606060624 0.027027972027971855
10 0.5478205128205128 0.24574300699300686 0.11764568764568784 0.026975524475524395
14 0.6644522144522144 0.24599650349650345 0.1174825174825177 0.02723776223776234
14 0.66511655011655 0.5723339160839161 0.11498834498834526 0.025786713286713336
14 0.6646153846153845 0.8874475524475522 0.11249417249417282 0.025769230769230374