15 0.7884336831185916 0.17669306411028265 0.14042012182394367 0.10342858024977228
13 0.12586576595381316 0.3025054415782893 0.1903894444549865 0.1296716528504608
11 0.3592667792557734 0.30173358650179843 0.27894267443404996 0.1312153630034425
16 0.1163779198846278 0.6212661510674756 0.17267879845917378 0.3720650210716437
4 0.22515923768319449 0.5317155250930086 0.04872957741133611 0.335046851603143
8 0.6081456321119313 0.5332437981444604 0.2214210263319353 0.3350777258062025
9 0.2729020791033353 0.5330431158245728 0.049387401405466165 0.33547909044597773
5 0.3314041379659324 0.5328115593016256 0.06774322093398344 0.3350777258062025
6 0.39780640998880445 0.5327806850985659 0.06774322093398344 0.3350777258062025
17 0.4642086820116765 0.5337377853934145 0.06774322093398365 0.3339662544960557
1 0.9506758509016617 0.5332901094490499 0.06388483019918176 0.33807252350298717
12 0.9019715744131768 0.8404884298924034 0.16002833703359343 0.07255437719013884
18 0.8494721594970176 0.7532688062489388 0.2662922130084694 0.11114713101468071
2 0.4266304863469895 0.8404884298924034 0.7931839313838973 0.0756417974961021
14 0.6505436535797643 0.7509532410194661 0.13535993725371118 0.10651600055573554
3 0.5063283933281467 0.9107272418530696 0.9525797453462114 0.07409808734312047
10 0.5075871142399918 0.7509378039179364 0.15561332599606573 0.10963429506475884
7 0.2491951143917974 0.7524506398678585 0.09680133082854202 0.10963429506475884
0 0.36430798813386717 0.7524660769693883 0.1372954578518251 0.11262909276154334