13 0.13442654897276463 0.2421286789869952 0.22843491409331548 0.12491444216290208
11 0.3988618294417943 0.2396825396825397 0.30161519792451247 0.12063492063492062
15 0.8086962181865521 0.12383004400017085 0.28249690815595896 0.11098188730830018
16 0.12229811751490226 0.6099799541809852 0.2047361078397623 0.4768041237113403
4 0.253647595428322 0.5259635974304069 0.0602130790334296 0.45235546038543895
9 0.31894115300519715 0.5259635974304069 0.07037403612032081 0.45413990007137756
5 0.3817885542463393 0.524625267665953 0.057578756825716955 0.45503211991434683
6 0.44557678484737867 0.5241791577444682 0.07376102181595122 0.4559243397573162
17 0.516138986839679 0.5241791577444682 0.06736338216864919 0.4559243397573162
8 0.644591957432677 0.5241507430997877 0.19291116757898338 0.45559094125973115
1 0.92755321226323 0.5247087059090848 0.06087965356031127 0.45535423099028305
7 0.2875245625714999 0.7989004109605453 0.12848352427594542 0.09599762769131245
0 0.41688805329627665 0.7997416020671835 0.13133336058091843 0.09560723514211891
10 0.547470635091224 0.8003597122302158 0.130861918549519 0.09592326139088717
14 0.6769185705916814 0.8 0.1282952548330404 0.09722222222222214
18 0.8489470078341425 0.8006355932203388 0.21685383217658097 0.09604519774011304
2 0.4192872901319971 0.8953900709219857 0.7979658228321428 0.09219858156028356
12 0.8881932239796915 0.8952546296296298 0.13852274946299573 0.09837962962962953
3 0.48877172427260296 0.96875 0.9379678448219748 0.05416666666666667