13 0.7694444444444445 0.13678419604901224 0.1129629629629632 0.23964324414436944
11 0.738888888888889 0.40351754605317997 0.12962962962962957 0.29173960156705847
16 0.487962962962963 0.11907143452529799 0.3833333333333332 0.2188047011752938
4 0.5444444444444445 0.25712678169542386 0.3481481481481481 0.06980911894640326
2 0.2546296296296297 0.40455947320163377 0.11666666666666667 0.791864632824873
7 0.3336737967914438 0.28836587489118265 0.07704456327985736 0.13765139145749006
9 0.5406060606060605 0.32479710836800113 0.3454545454545455 0.08013366978108159
5 0.533030303030303 0.38702857532564955 0.33939393939393936 0.05967400941144374
6 0.5284848484848484 0.4475550705858283 0.3303030303030303 0.07331378299120236
17 0.5224242424242425 0.5114915092409466 0.31818181818181834 0.06649389620132297
8 0.5095454545454546 0.6338232285344064 0.32878787878787885 0.18669440087294562
1 0.4921212121212122 0.9159960444656619 0.3363636363636363 0.06905135374752776
15 0.8133333333333334 0.8064516129032258 0.12727272727272732 0.38361863193071005
12 0.22621212121212117 0.8716667803314464 0.08030303030303033 0.14236513673872994
3 0.17407407407407413 0.47436859214803706 0.12592592592592594 0.933566725014587