13 0.1645245740525794 0.208206106870229 0.21773940744380713 0.10687022900763353
11 0.4123408257152782 0.2062977099236641 0.28128203607526836 0.10687022900763353
15 0.7909750101970789 0.0799468375136314 0.3590678962064445 0.1534651035986913
16 0.15351051842312613 0.5316793893129771 0.19571129618490055 0.4217557251908397
4 0.2788746782019736 0.45725190839694657 0.06020694321225534 0.3950381679389314
9 0.3405534447421748 0.45739813621493014 0.06562913749161434 0.39856250619609396
5 0.3987850649405664 0.45916030534351143 0.052528573002007875 0.39885496183206115
6 0.45851513585414 0.4562977099236642 0.0686260389219781 0.3969465648854961
17 0.5228590067742493 0.45589558342420944 0.0636346141510039 0.3939340239912758
8 0.6416244158616925 0.45589558342420944 0.17685910602178356 0.3939340239912758
1 0.9033135362743686 0.4543893129770993 0.055070278147266456 0.3969465648854961
7 0.31232923950091473 0.6979831714087439 0.12377201807097338 0.0891481609993059
0 0.4333188056362477 0.6976461038961039 0.12071316945460187 0.08685064935064929
10 0.5539576494706926 0.6958015267175572 0.1234391757305229 0.08587786259541985
14 0.6728656031042691 0.6938931297709924 0.11607120163346919 0.08587786259541985
18 0.8309827267601073 0.6958015267175572 0.200163045678207 0.08587786259541985
2 0.43146668624720996 0.7829855810008481 0.7414568112520346 0.08708227311280722
12 0.86632890229403 0.7806424936386769 0.1307340162047823 0.08795165394402034
3 0.49664071303301666 0.8663772264631042 0.870110394726809 0.0844211195928753