15 0.8078988941548184 0.12066666666666667 0.34060031595576623 0.14533333333333331
1 0.9178515007898894 0.4673333333333333 0.052448657187993755 0.36666666666666664
12 0.8834123222748815 0.7653333333333333 0.12259083728278027 0.08266666666666671
13 0.1895734597156398 0.22599999999999998 0.21484992101105846 0.1
11 0.43728278041074253 0.22866666666666666 0.2843601895734597 0.10533333333333339
16 0.18009478672985782 0.532 0.1895734597156398 0.4
2 0.4540284360189573 0.768 0.7361769352290679 0.09066666666666663
3 0.5143759873617693 0.8473333333333334 0.8568720379146919 0.08933333333333338
8 0.6657187993680884 0.4673333333333333 0.1775671406003161 0.37200000000000005
18 0.8483412322274881 0.6926666666666667 0.19273301737756715 0.08399999999999996
6 0.4812006319115324 0.466 0.07014218009478687 0.37466666666666665
17 0.5466034755134281 0.466 0.061927330173775746 0.37200000000000005
5 0.4218009478672986 0.4653333333333333 0.053712480252764615 0.37333333333333335
9 0.36240126382306476 0.4653333333333333 0.06635071090047394 0.37333333333333335
0 0.4543443917851501 0.6946666666666667 0.12259083728278031 0.08800000000000012
4 0.30205371248025276 0.4646666666666666 0.05687203791469194 0.37200000000000005
7 0.33364928909952607 0.6933333333333334 0.12006319115323855 0.08799999999999993
14 0.6951385082732409 0.6923658352229781 0.11570715700708921 0.08465608465608473
10 0.5765655393278954 0.6931216931216931 0.12287168685272959 0.08465608465608473