13 0.1464304932735426 0.19264573991031392 0.22690582959641256 0.11300448430493282
11 0.4024843049327354 0.20609865470852018 0.2834080717488789 0.11121076233183856
15 0.7697072713855935 0.14195402168360108 0.25552216608957246 0.10130714650621553
16 0.1307354260089686 0.5003314010718583 0.2062780269058296 0.40909329541725914
4 0.2643677130044843 0.4383856502242153 0.06098654708520178 0.38206278026905827
1 0.8818565022421524 0.467085201793722 0.05829596412556066 0.35695067264573993
9 0.3284932735426009 0.44197309417040354 0.0672645739910314 0.38206278026905827
5 0.38768609865470854 0.44663912582809806 0.05650224215246635 0.3834930487922344
6 0.45376310241125034 0.4475937797660456 0.07385804338752314 0.38158374091633934
17 0.5166953455269325 0.4505966587112172 0.05677971253357873 0.3837708830548925
8 0.6293723364405963 0.456322869955157 0.17043918362104954 0.38206278026905827
7 0.2975261949032046 0.6687512304495242 0.12919873126982395 0.08994148528929236
0 0.42521552489912984 0.6768396625795728 0.1261799287220265 0.08408291260309193
10 0.5424656506523112 0.6806770337232574 0.10927497672228355 0.08402709847276765
14 0.6553991031390135 0.6838849341988354 0.1165919282511211 0.08478618541398827
18 0.8123497757847533 0.6888206845660442 0.19910313901345308 0.07850212862575927
2 0.40696860986547084 0.7485611787315822 0.7587443946188341 0.10969378603459336
12 0.850017937219731 0.7655079752511779 0.12556053811659193 0.08204734063688465
3 0.46834495089969913 0.8297697678378838 0.883525344837373 0.1122990293466537