13 0.26399205904334827 0.1478457274539113 0.1675674514200299 0.0443025660189337
11 0.4523777434855349 0.1536865468305564 0.21279136141053165 0.04151958095558219
15 0.7388071748878924 0.11208299239514288 0.2690582959641256 0.05842893299745712
4 0.3457583591657387 0.24510604829405805 0.05157052999067014 0.148735586521002
9 0.39441255605381165 0.2464808338600134 0.053811659192825115 0.15076927398400902
5 0.4406008968609866 0.24772496263079224 0.04215246636771303 0.15067264573991027
6 0.4888572203420906 0.24832286995515696 0.05505685976424934 0.1518684603886398
17 0.539876976550084 0.2500690196616474 0.05210294638875871 0.15221857623604654
8 0.6328622317629354 0.2523412553507358 0.15090333916471219 0.1557898360847766
1 0.831445810948808 0.25071449925261585 0.06726457399103128 0.15426008968609867
7 0.3690781506634785 0.3363110747817053 0.10000383495924393 0.03606609575175131
0 0.46862972017020504 0.3405127233558185 0.09909930405420891 0.03684600321362457
10 0.5670582959641256 0.34279222720478325 0.09955156950672654 0.03467862481315391
14 0.6640125205345648 0.3451838565022422 0.09775784753363223 0.03707025411061291
18 0.7898824225941742 0.3460008403297149 0.1651140785784678 0.03782791575312638
2 0.46302242152466366 0.37149177877428996 0.6233183856502242 0.053811659192825115
12 0.8235154735257942 0.3792645739910314 0.1104040305268868 0.03826606875934219
3 0.5154887892376682 0.4058707648231192 0.737219730941704 0.052019307424016004
13 0.22812682968102205 0.5643415592595726 0.2034234706827989 0.06033930300551841
11 0.45597605550384973 0.5683276058547558 0.25534833742279384 0.05979073243647235
15 0.783614510567595 0.5067729083665339 0.2994801422114233 0.06799468791500658
16 0.20248430493273542 0.7421943198804186 0.20807174887892382 0.2403587443946187
4 0.32804484304932735 0.7019220455815454 0.06098654708520178 0.21809985636225215
9 0.3855214147621072 0.7027324364723467 0.06621277585695146 0.21883408071748878
5 0.44284304932735424 0.702134529147982 0.04843049327354265 0.21524663677130046
6 0.49910294159122315 0.7033303437967116 0.06864613475477335 0.21763826606875925
17 0.5614911865076008 0.7033303437967116 0.06763646106551596 0.21763826606875925
8 0.6736030403023381 0.7027514642148707 0.18242620639083953 0.21640439593498226
1 0.9055554463759312 0.6988349382738106 0.08623439872795825 0.20988767203234898
7 0.3561833110053988 0.8353657796994954 0.1227422928515847 0.05069578122367784
0 0.47611079201328443 0.8362552176505667 0.11787453572603215 0.05056648777578994
10 0.5939177101967801 0.8343470483005367 0.11949910554561712 0.04865831842576032
14 0.7085383502170767 0.8328027013989387 0.11751085383502186 0.050168837433670885
18 0.8625739910313902 0.8296561686773573 0.19372197309417039 0.05414641807220323
2 0.46795515695067263 0.8874857997010462 0.7533632286995516 0.05979073243647235
12 0.9037705671658629 0.8778641130545084 0.13082364554248807 0.05250550563069101
3 0.5330172603435146 0.93652572966728 0.8924560453507066 0.0669425615921964
16 0.24174257425742574 0.2689671342134214 0.17029702970297028 0.16432315731573158