13 0.21938131313131315 0.30502347893652243 0.1862373737373737 0.07319572536963836
11 0.42708333333333337 0.3095278312669617 0.23547979797979793 0.06869137303919914
15 0.75 0.21662556445165138 0.3118686868686868 0.12161751292186078
1 0.8579545454545454 0.46999538303886124 0.06186868686868678 0.2770176683220162
8 0.6234217171717171 0.4739366913279957 0.15972222222222215 0.26688287557852786
18 0.7976641414141414 0.6394716394716395 0.1900252525252526 0.06418702070875976
16 0.1928661616161616 0.5122236861367295 0.1887626262626263 0.2826481087350653
4 0.3061868686868687 0.46830625091494654 0.06186868686868685 0.2556219947524296
2 0.4321338383838384 0.6884564710651667 0.6799242424242423 0.07657398961746803
7 0.3273358585858586 0.6265216265216265 0.11300505050505052 0.06080875646093033
3 0.4914772727272727 0.7520804477326217 0.8049242424242423 0.08220443003051692
12 0.8323863636363638 0.6974651757260453 0.12184343434343418 0.058556580295710876
0 0.4356060606060606 0.6287738026868462 0.10984848484848485 0.06306093262615003
10 0.542304292929293 0.6310485006137181 0.10733585858585855 0.06306093262615003
14 0.6493181818181819 0.6333231985405898 0.10671717171717177 0.06306093262615003
9 0.35921717171717177 0.4694323389975564 0.06691919191919198 0.2556219947524296
5 0.40909090909090906 0.4694323389975564 0.054292929292929275 0.2556219947524296
6 0.46085858585858586 0.4711214711214711 0.06565656565656568 0.2567480828350393
17 0.5157828282828283 0.47168451516277604 0.05555555555555557 0.25787417091764914