13 0.17693482688391038 0.2634146341463415 0.2350644942294637 0.12195121951219512
11 0.4421249151391718 0.2705284552845529 0.29871011541072645 0.12804878048780488
15 0.8270679076967978 0.18272737633918398 0.2556293659706491 0.1109832079629207
16 0.15996266123557368 0.6434959349593496 0.21639511201629333 0.49593495934959336
4 0.29828581126951803 0.555064204847656 0.06534283774609637 0.45741205075602154
9 0.3660832682998015 0.5540802370640528 0.07231411513155798 0.45937998632322774
5 0.42939579090291924 0.5540650406504065 0.0560081466395112 0.4552845528455284
6 0.4943143245078072 0.5550813008130081 0.0755261371350984 0.44918699186991873
17 0.5626272912423625 0.5571138211382114 0.06788866259334676 0.4451219512195122
8 0.687614601772719 0.5593514930476408 0.19130168579604215 0.44471164805106
1 0.9432281059063137 0.5550813008130082 0.06364562118126273 0.42479674796747957
7 0.333832188108698 0.8294715447154473 0.1385134920785986 0.10365853658536585
0 0.4666393843069329 0.8274390243902439 0.1325732341016808 0.10365853658536585
10 0.5957428415529374 0.8274390243902439 0.13064602089955643 0.09552845528455303
14 0.7225899524779362 0.8229997720537953 0.1264426340801087 0.09478003191246866
18 0.8798442050364504 0.8203252032520326 0.1938078560506566 0.0975609756097561
2 0.4544297352342159 0.9260162601626016 0.8104209097080788 0.12601626016260153
12 0.9174486552334545 0.9045817187143833 0.12054996161435433 0.09269812324291485
3 0.5144263408010863 0.9715067244130384 0.9304141208418194 0.04723045361294747