15 0.6905286966355668 0.20906886132315525 0.27920554141928183 0.067443278201866
15 0.7586805555555556 0.3081597222222222 0.2916666666666667 0.07118055555555555
13 0.22887731481481483 0.3422630577259661 0.19502314814814814 0.07053834126998318
11 0.4450583179864948 0.3552793124616329 0.2394106813996317 0.06292203806015964
16 0.20575805555276014 0.5141190914671578 0.19666037138790207 0.23787599754450575
2 0.45767566173605684 0.6545347805612318 0.7107268094553345 0.05526438608441171
3 0.5181380010147134 0.7044330289193304 0.8409436834094368 0.058028919330289204
8 0.6503678335870117 0.4856354642313546 0.17313546423135462 0.20072298325722973
10 0.5742643328259767 0.6064497716894978 0.11225266362252645 0.04851598173515978
7 0.3516615930999493 0.6102549467275494 0.11478944698122776 0.04851598173515994
0 0.4638380145996734 0.6088280060882801 0.10956339601822043 0.047564687975646947
18 0.8295281582952816 0.6116818873668189 0.18772196854388648 0.05327245053272457
1 0.8774099441907662 0.4922945205479452 0.07800608828006093 0.2026255707762557
17 0.5425545408422121 0.4846841704718417 0.06151699644850329 0.2007229832572299
12 0.8697946651314526 0.659902130109384 0.12377662636730015 0.0518134715025907
4 0.3259814121237342 0.48064918851435706 0.056873352753502596 0.21015397419891807
9 0.38042724372312386 0.48246982937994176 0.06242197253433211 0.20859342488555985
5 0.4327923429047025 0.4837702871410736 0.047856845609654614 0.2049521431543904
6 0.4868913857677903 0.48507074490220564 0.06242197253433211 0.2013108614232209
13 0.09414153930882554 0.22666253614209006 0.037518931570976174 0.05576208178438659
16 0.07916838771857358 0.3988537794299876 0.055762081784386616 0.22872779843040073
2 0.06522786727247694 0.53696819496076 0.03476524851989535 0.04646840148698885
3 0.05989260636100784 0.5836947542337877 0.03717472118959109 0.049049979347377204
14 0.6838492721577298 0.6061705362078496 0.1128616178367422 0.04802377003869541