13 0.18106995884773663 0.20370370370370366 0.20639442861665083 0.10611082039653469
11 0.41893172604642137 0.19908169360934336 0.2705953292691644 0.10372625752810077
15 0.7875903971244472 0.09108357293841164 0.2570445935320489 0.10168656654831766
16 0.16982078853046595 0.5257570770243581 0.1863799283154122 0.41556945358788683
4 0.28854838709677416 0.44963791968400263 0.05465949820788536 0.40322580645161304
9 0.34589605734767026 0.44963791968400263 0.0636200716845878 0.3991112574061884
5 0.4023476702508961 0.4486092824226465 0.05107526881720433 0.40116853192890056
6 0.45969084745070404 0.448313761677817 0.06721328717744503 0.397645024373135
17 0.5217345219495757 0.4493423989391731 0.05961339337683424 0.39970229889584746
8 0.6389068100358423 0.4465520078999342 0.1747311827956989 0.39705398288347593
1 0.8923257155694432 0.4444947333772219 0.05499014592204579 0.39705398288347593
7 0.319910394265233 0.6903390388413431 0.11738351254480285 0.08640552995391707
0 0.4363978494623656 0.6923963133640554 0.11738351254480285 0.08640552995391707
10 0.5524372759856631 0.6872531270572745 0.11827956989247304 0.08434825543120467
14 0.669820788530466 0.6872531270572745 0.11469534050179214 0.08434825543120467
18 0.8219188391589826 0.685389740401261 0.1940117840476263 0.08396047969780701
2 0.4363978494623656 0.7685154707044107 0.7195340501792113 0.09052007899934171
12 0.8584408602150538 0.7685154707044107 0.1227598566308244 0.08640552995391707
3 0.4995698924731183 0.8559496379196839 0.8440860215053764 0.08846280447662953