15 0.8321759259259259 0.1797394102990033 0.3349867724867725 0.07426056662975265
13 0.25949808935920043 0.16207148368606702 0.19933127572016462 0.04994764109347443
11 0.4839281391568973 0.1844715546071678 0.2605517515648234 0.05681747279624637
16 0.22941468253968253 0.25955550044091713 0.1979534097589653 0.14502039241622575
8 0.6801755913459222 0.28151977165135056 0.1884399230612867 0.1374965190754664
1 0.9255073337351817 0.3050689421338155 0.07367222557095988 0.12700296363271044
7 0.36278943211588843 0.3247457837301587 0.11545981661272922 0.03751240079365079
4 0.34650333563377034 0.24833937198067632 0.07303887738670342 0.12702726017943408
9 0.4021451575799401 0.2542115586912969 0.08252818035426736 0.12755700282082724
18 0.8441337927769982 0.372569318254473 0.19330901512372803 0.044610783858451845
12 0.8739792942548847 0.4018052430946132 0.12472399283422927 0.038081177352830925
14 0.6948883207272469 0.3578752530094812 0.11629558609424369 0.03628688611910081
10 0.5835379113980809 0.34743240516545604 0.11672159447583164 0.03678201506591333
17 0.5698125686333233 0.27094564240790653 0.07955226115603473 0.1268156633722672
6 0.5103823500049914 0.26509621144055107 0.0848557452331038 0.12775157232704398
5 0.455504465224652 0.2594807577118898 0.06919971485368091 0.1263477088948787
0 0.4728342414909579 0.33652757843545406 0.1138487456895416 0.0366897692919284
2 0.4702148890745382 0.3607108047897521 0.6898032117330363 0.0957254246727931
3 0.526199758655899 0.3929093567251461 0.8110554163185741 0.1070384294068504