13 0.1523845273845274 0.2812619320351279 0.21896896896896897 0.06681939671630392
11 0.4026347776347776 0.2800687285223367 0.2815315315315315 0.06681939671630392
15 0.7912158189935967 0.2007551652454287 0.37765543321098854 0.09180772983751218
16 0.1403188903188903 0.4733676975945017 0.19126269126269127 0.25057273768613975
4 0.26636946224575087 0.43083749601445426 0.05970624527325556 0.22983313848442982
9 0.32760530125936765 0.43011747355106555 0.06077522457820279 0.23658724441662773
5 0.3857819527922621 0.4319763014747721 0.05572582892170523 0.23818364957463461
6 0.4474784062412928 0.4328302688914869 0.06965728615213157 0.23913274524391537
17 0.5130652662153234 0.4334387616794532 0.06386668127790694 0.2432298206734031
8 0.6364929812810683 0.43463333197748233 0.1851997636648267 0.243497710580055
1 0.911694463240855 0.435487299394197 0.06269155753691845 0.24710383675204584
7 0.29572503283843493 0.5743171431608035 0.12040759463439878 0.057126155808268825
0 0.42061059586832783 0.5769741736635137 0.12538311507383668 0.05712615580826853
10 0.5440035027663894 0.5796312041662238 0.12339290689806154 0.05712615580826868
14 0.6678939617083947 0.580959719417579 0.12438801098594898 0.051812094802848284
18 0.8375592086932293 0.5842810075459667 0.2129522748079449 0.05579764055691358
2 0.4240934601759344 0.6281220108406845 0.7592644190582335 0.05845467105962378
12 0.8743105730505502 0.6327718142204273 0.13519918216367252 0.05181209480284843
3 0.49384304939860485 0.6750880319036104 0.897723119945342 0.0625768953374911