13 0.19211145483856912 0.2317404789351007 0.20221776828896343 0.10672236066216598
11 0.42682387619749457 0.23284233268573726 0.2666912306558586 0.10303644402760105
15 0.7863924050632911 0.13774453394706557 0.23354430379746827 0.09493670886075947
16 0.18107163086575748 0.5448189835736412 0.18078732952812515 0.4060152228503806
4 0.2983050847457628 0.47311248073959944 0.05423728813559319 0.38135593220338987
9 0.35508474576271193 0.4747914091000444 0.06271186440677957 0.38185015560576635
5 0.41130334293562 0.47524056468753995 0.05027467006096344 0.3809518444307753
6 0.46823876197494474 0.47524056468753995 0.06691230655858521 0.3809518444307753
17 0.5305084745762713 0.4770032339202299 0.06101694915254251 0.38268056054617317
8 0.6434447300771208 0.4777138845207775 0.1712082262210797 0.3875614451341
1 0.8937137953228921 0.4820634471728658 0.053250375455910895 0.38656648007645655
7 0.32792470916299943 0.7063593351010252 0.11703193760620456 0.08435374890426704
0 0.4423783277417106 0.7085242869195638 0.11354842926234153 0.08561560003327238
10 0.5569844451222169 0.7104306107906966 0.11653958433183743 0.08776743789472412
14 0.6721951113241252 0.7134730710882077 0.11662672650429182 0.08553459742296819
18 0.8235633399498877 0.7143428607772428 0.19211382642933858 0.08961117142595133
2 0.4436255500849637 0.7899700349756993 0.7093590693215982 0.08662387457864792
12 0.8581634842308518 0.795983596965146 0.12265608238575419 0.08230091084628735
3 0.5028211959631927 0.8710289671722447 0.8318897417497071 0.09245947626546612