13 0.924 0.24114583333333334 0.06133333333333333 0.19470833333333332
11 0.912 0.45875 0.06266666666666666 0.2415
15 0.9501149425287356 0.7672413793103449 0.0928735632183907 0.2724137931034484
16 0.7618049291826137 0.2249103991311431 0.21917229386574347 0.186041270703231
4 0.7954057971014493 0.33967391304347827 0.19927536231884066 0.056521739130434755
9 0.7939565217391303 0.39402173913043476 0.19782608695652198 0.059782608695652245
5 0.7903333333333333 0.44673913043478264 0.19782608695652168 0.04673913043478251
6 0.788159420289855 0.5002717391304348 0.1963768115942027 0.0625
17 0.7859855072463767 0.5565217391304348 0.1963768115942027 0.056521739130434755
8 0.7823623188405797 0.6592391304347825 0.196376811594203 0.157608695652174
1 0.7704057971014493 0.8733695652173913 0.18550724637681143 0.06086956521739126
18 0.14678624813153962 0.8217488789237668 0.053213751868460425 0.1654708520179372
7 0.6724458204334365 0.36749226006191954 0.045407636738906 0.11331269349845206
0 0.6706552706552706 0.4773504273504274 0.04786324786324803 0.10769230769230763
10 0.6675213675213676 0.5844017094017094 0.04615384615384619 0.1081196581196582
14 0.6641025641025641 0.6886752136752138 0.04273504273504265 0.10213675213675219
2 0.626676626620931 0.46741501796368246 0.05800532136838289 0.6724692341456278
3 0.5803659793814433 0.5202588058419244 0.055934707903780086 0.7801009450171821
12 0.616659793814433 0.854381443298969 0.04467353951890042 0.1077319587628865
16 0.2106761229314421 0.21134751773049645 0.2458628841607565 0.19148936170212766
13 0.3987967479674797 0.225711609150666 0.05918699186991868 0.20613775730842418
4 0.2570478881137895 0.33250112795370934 0.22605926253211092 0.05476518595304651
15 0.46488888888888885 0.7876811594202897 0.072463768115942 0.291304347826087
3 0.044358974358974367 0.5086367521367522 0.08871794871794873 0.7912735042735043
2 0.08233557046979867 0.4570469798657718 0.08411633109619686 0.6859060402684565
9 0.25706974029763646 0.3897900496060695 0.223238595467367 0.06068835716369995
5 0.25997765363128494 0.44441340782122907 0.22197392923649908 0.049720670391061504
6 0.26087496858507164 0.49919843763089555 0.22130979308033852 0.06171873167462513
17 0.26247933589142036 0.558811115112715 0.21762506027457554 0.05654044920040724
8 0.26456916216447984 0.6644923462824801 0.21607666580910745 0.15858927193208136
1 0.2724102564102564 0.8837278106508876 0.2035502958579882 0.04792899408284029
18 0.6568695652173913 0.8202826086956522 0.04637681159420284 0.167391304347826
12 0.10612855007473841 0.852017937219731 0.047234678624813155 0.104932735426009
14 0.1397759103641457 0.6892857142857143 0.048739495798319314 0.10294117647058829
10 0.13395082136892483 0.584641137478422 0.050193595357388404 0.10786058218601328
7 0.12275872817366519 0.3627571544044115 0.05162540079552673 0.1153020177217893
0 0.12815986817579042 0.47571428571428565 0.05061903915862323 0.11142857142857156