13 0.254819197896121 0.17866072172681058 0.14727153188691647 0.05312942745228771
11 0.42388718994223584 0.1765947366154111 0.19062181447502552 0.05060946720075806
16 0.25009562355363346 0.3327303269156222 0.1324964864978979 0.19920747727957958
4 0.3340099966423185 0.2953107330809678 0.04010097171706194 0.1879028909901513
9 0.3744313354122811 0.2953116251022957 0.04556478415335151 0.1889779041219796
5 0.4146827795169362 0.2949984619003673 0.035738076711965175 0.1874506361768679
6 0.4559535916134364 0.2952461252504987 0.04629872910747988 0.18803210665108944
17 0.49898063200815496 0.2950424258086747 0.04043493034318721 0.18736270836025326
8 0.5806863744478423 0.29529008915880606 0.12303092082908607 0.18902097600895892
1 0.7572069317023445 0.29261963216608516 0.03836901121304789 0.18682430977301118
7 0.35642250088968513 0.4088912990455627 0.08226203185977346 0.03934795279830914
0 0.43829813799468 0.40779296592758874 0.08296879366745277 0.03939102468528848
10 0.5189845124425223 0.4083098285713412 0.08061745149959683 0.038357299397783665
14 0.5996708868903647 0.4082882926278515 0.08234358129912102 0.03840037128476301
18 0.7077811756710839 0.407298531248654 0.13455657492354728 0.041456691217642234
2 0.43900781515460413 0.4490244217599173 0.5035677879714577 0.04414868415385282
3 0.47959904858987423 0.48588318904251204 0.5861094121644579 0.044730154628074247
12 0.7320761128100577 0.4460632295300857 0.08392796466190955 0.03930309686867392
15 0.6897163830497165 0.12301738358076386 0.18218218218218227 0.05498456202681553
13 0.2581161408321902 0.5956500318785138 0.14220393232738912 0.046571610734365006
11 0.42183371161398114 0.5959208326350881 0.18596220640166722 0.050525107469455155
16 0.25261261261261264 0.736835426976272 0.12612612612612617 0.18715898997589153
4 0.33356195701874713 0.7071233988291891 0.03795153177869224 0.1753318263490407
9 0.37409817736510775 0.7082750741738567 0.044402972970732056 0.176056338028169
5 0.41117510863273576 0.7074767557579684 0.033542038626784336 0.1727545550653691
6 0.45005611672278334 0.7070199414656062 0.04564160119715679 0.17393934705602881
17 0.4938271604938272 0.7083748280931379 0.04190048634493072 0.17783468487693824
8 0.5734406438631791 0.7103528780770809 0.11848871003800594 0.18087238975860526
1 0.7466849565614997 0.7111082130643946 0.03840877914951989 0.18040340810293848
7 0.3541834813021254 0.8125021314326638 0.07990314769975788 0.035808068751491985
0 0.43377575796536044 0.8127558627946274 0.07967272805193311 0.03780365900794891
10 0.5131210684861027 0.8157910682946217 0.08078759151766007 0.04067304568015258
14 0.5914281758773918 0.8180944384067738 0.07780584670427869 0.037810729139625514
18 0.6972478679829096 0.8192887398781638 0.13342963893086285 0.03854155752795192
2 0.4359853680841335 0.8520257346548425 0.4897119341563785 0.052164840897235144
3 0.47668038408779145 0.8900625978090766 0.5701874714220393 0.04999130585985041
12 0.7219497921298805 0.858132457305477 0.08404590341842574 0.03850237223770977