13 0.15870786516853932 0.1548064918851436 0.15262172284644193 0.04827299209321678
11 0.33785892634207243 0.1464835622138993 0.20630461922596757 0.05409904286308782
15 0.6156400966183575 0.09782608695652173 0.1841787439613525 0.04589371980676327
16 0.1499404761904762 0.2934126984126984 0.1398809523809524 0.18650793650793654
4 0.2395443196004994 0.2596754057428215 0.043383270911360794 0.17478152309612988
9 0.28386904761904763 0.2583597883597884 0.04861111111111114 0.17460317460317462
5 0.3265277777777778 0.25703703703703706 0.04067460317460321 0.17724867724867724
6 0.37117085785625115 0.25373015873015875 0.05257891920813269 0.17328042328042328
17 0.41947565543071164 0.25280898876404495 0.04744069912609234 0.17686225551394089
8 0.5095193508114857 0.2507282563462339 0.1370162297128589 0.17602996254681647
1 0.7008868184955142 0.24952150908672646 0.04790890269151153 0.17376121463077987
7 0.2620215801676476 0.36425807026930623 0.0883377920456572 0.037193389215861114
0 0.3509675405742822 0.3610070744902206 0.08957553058676657 0.04119850187265911
10 0.44101123595505615 0.35622138992925506 0.09176029962546821 0.04078235538909692
14 0.5324594257178528 0.35494828200145007 0.09176029962546825 0.03750252047483602
18 0.6519975031210987 0.354140657511444 0.1473158551810237 0.037453183520599266
2 0.35579365079365083 0.39936299863266156 0.5555555555555556 0.051326912787586956
12 0.6792455858747993 0.39191694905178054 0.09531656857499551 0.0397639854943226
3 0.40274411449973246 0.43598388918613634 0.6514406099518459 0.05215920575471147
13 0.15486421877988144 0.6095502645502645 0.1597953719640467 0.04894179894179893
11 0.33942460317460316 0.6075661375661376 0.2113095238095238 0.050264550264550206
15 0.6246488957902001 0.558268921095008 0.20239302967563824 0.04568438003220611
16 0.14711297571237328 0.7579409702301269 0.14017833237712754 0.1922840568623701
4 0.23912315930388217 0.7253458277554662 0.04585006693440429 0.18340026773761717
9 0.2836053738764582 0.7255415312041817 0.04913845859629002 0.1856862370115381
5 0.32721433352457446 0.72465704086186 0.03930149168100978 0.1865627589723974
6 0.37341102505259127 0.7246296296296297 0.05405096576783327 0.18386243386243376
17 0.42254207749470535 0.7247711174937106 0.04655671188365441 0.18582068210924213
8 0.5140277777777778 0.7245285599619966 0.1378968253968253 0.18630579717267007
1 0.7124404761904762 0.7179875055778672 0.042658730158730125 0.18116019634091926
7 0.2623828647925033 0.8373060495952062 0.0903614457831325 0.040520175941862815
0 0.3533955222334125 0.8357875948237392 0.09300255718436186 0.0401606425702812
10 0.4465556046980196 0.8370634920634921 0.0922856160007863 0.04100529100529103
14 0.5373159303882195 0.8351182507809014 0.09069611780455147 0.039714413208388984
18 0.6577978580990629 0.8275323516287371 0.15026773761713513 0.04417670682730911
2 0.3578323412698412 0.8724834656084656 0.5596329365079364 0.04953042328042329
12 0.6850818452380952 0.8643353174603173 0.09561011904761907 0.041170634920635066
3 0.4049944093659563 0.9085179338770499 0.6559411996842935 0.05153556081732884