13 0.17937766931055524 0.2175492033739456 0.20507084265473532 0.10738831615120273
11 0.41589049101155123 0.21839199775386645 0.2692969110010992 0.1017976977131355
15 0.7842858111314487 0.11177171196501091 0.25225408446884956 0.10416666666666664
16 0.1692088671954444 0.5358091221493283 0.1830384380719951 0.41588566073102157
4 0.2862706106553981 0.46449026345933564 0.05551412710249398 0.3906071019473081
9 0.3443239010100524 0.4659438022840084 0.06307816079050839 0.39160505397618806
5 0.40030200248862297 0.4666195543731294 0.05034978492436815 0.3914477330672874
6 0.45735007577397707 0.4669659682961977 0.06615188472733408 0.3935262166056978
17 0.5203447114575064 0.4666195543731293 0.05923600586947636 0.3928333887595611
8 0.6365353032380527 0.4655185879412684 0.1737465584618649 0.39636051233989367
1 0.8882279167514066 0.4684473601999375 0.053386211104331935 0.39831302717900646
7 0.3171875353083407 0.7036082474226805 0.1163084988588344 0.08419243986254316
0 0.4327335562451388 0.7021810220596385 0.11478354301476186 0.08106085799800478
10 0.5481676056982195 0.7021810220596385 0.11728731743189658 0.08106085799800478
14 0.6639661150491579 0.7056779131521398 0.11719013448713585 0.08395813808184925
18 0.8195885024744085 0.7047016557325835 0.19235984001084674 0.085910652920962
2 0.4332139249945723 0.7846954472297026 0.7159733431503034 0.08602928673397163
12 0.8530608094366482 0.7867591812685119 0.1254152260863669 0.08601445750734524
3 0.4951105009829842 0.8678830834114339 0.8382313063521118 0.088156044985942