13 0.2063633520950594 0.36144465290806754 0.1977798624140088 0.05836981446737541
15 0.77312382739212 0.3035959974984365 0.23061288305190758 0.051073587658953555
11 0.43033145716072546 0.358317698561601 0.25328330206378985 0.060454450698353104
16 0.19776422764227644 0.5375964144256827 0.18058161350844273 0.2313946216385241
8 0.6374921826141339 0.4927767354596623 0.16103814884302692 0.21471753179070255
18 0.8055659787367104 0.6142067959141131 0.17823639774859298 0.048988951427975866
2 0.4467479674796748 0.6684073379195331 0.6707317073170731 0.05941213258286419
1 0.868886804252658 0.4865228267667292 0.051594746716697795 0.20846362309776947
12 0.838398999374609 0.658505315822389 0.11569731081926198 0.04794663331248709
4 0.3103345841150719 0.4953825307483844 0.052376485303314596 0.21575984990619132
9 0.36544715447154474 0.4953825307483844 0.0625390869293308 0.21575984990619132
5 0.41938711694809255 0.49486137169064 0.04846779237023137 0.21471753179070255
3 0.5045966228893058 0.710100062539087 0.7848655409631019 0.06358140504481957
14 0.6652439024390243 0.617854909318324 0.10709818636647915 0.04586199708150925
10 0.5581457160725454 0.6220241817802794 0.10709818636647915 0.05211590577444233
17 0.5315666041275797 0.4927767354596623 0.05706691682301451 0.21680216802168023
6 0.472936210131332 0.4943402126328956 0.06332082551594749 0.21575984990619132
7 0.3419949968730457 0.6251511361267459 0.109443402126329 0.04586199708150925
0 0.4514383989993746 0.6241088180112571 0.10787992495309573 0.04586199708150925