15 0.8077288565093441 0.15117814583233896 0.2546721571111816 0.11773503253623534
1 0.9341146658219829 0.5783653922644901 0.06018371872030405 0.4788951999109032
11 0.40196388976876785 0.2728907132515552 0.3021856192587899 0.1320541581149666
13 0.13683877098511243 0.26970868534517045 0.2305986696230599 0.12887213020858193
8 0.6503009185936015 0.5783653922644901 0.19322141273360785 0.4788951999109032
18 0.8555590750712702 0.8671344247689051 0.21856192587899903 0.09864286509792686
4 0.25625593918276846 0.5743878573815091 0.06145074437757361 0.4836682417704803
16 0.12353500158378208 0.6618936248070896 0.2052581564776687 0.5059424371151735
7 0.2913875598086124 0.8650564768084595 0.13205741626794262 0.10454217736121123
5 0.38468899521531097 0.5766642633982215 0.05741626794258371 0.4794520547945205
6 0.4497866754184443 0.5777821736478579 0.07515589104036756 0.4780508712065015
17 0.5205119789957334 0.5765458351878411 0.06629471611421071 0.4805235481265352
9 0.32277650147686243 0.574485271087813 0.07121759107318666 0.4813477737665464
0 0.42248470786753844 0.8655669622519573 0.1320396540814175 0.10170676667832043
10 0.5526260282640794 0.8666264077381897 0.12993039443155463 0.09958787570585566
14 0.6821345707656612 0.8666264077381897 0.12993039443155463 0.09958787570585566
2 0.4226118326118326 0.9552076538377907 0.8059163059163059 0.08045227223309429
12 0.8951515151515153 0.9561136478944698 0.14060606060606046 0.0786402841197362