13 0.1309375 0.2755208333333333 0.234375 0.071875
15 0.785234375 0.2140625 0.24140625 0.06770833333333333
11 0.397734375 0.2760416666666667 0.30078125 0.07083333333333333
2 0.41375 0.6380208333333334 0.7953125 0.06145833333333333
3 0.478828125 0.6890625 0.92296875 0.06145833333333333
16 0.119609375 0.48020833333333335 0.21015625 0.26458333333333334
1 0.909453125 0.43385416666666665 0.05859375 0.246875
4 0.254765625 0.43385416666666665 0.06484375 0.24895833333333334
9 0.321015625 0.43416666666666665 0.07140625 0.2504166666666667
8 0.641484375 0.4344791666666667 0.18828125 0.24770833333333334
17 0.514921875 0.4348958333333333 0.06640625 0.25104166666666666
5 0.3825 0.4348958333333333 0.0578125 0.24895833333333334
6 0.446015625 0.43364583333333334 0.07296875 0.25145833333333334
12 0.873515625 0.6333333333333333 0.13046875 0.05416666666666667
7 0.289765625 0.58625 0.13234375 0.05458333333333333
14 0.671953125 0.5828125 0.12421875 0.053125
18 0.835625 0.5822916666666667 0.2046875 0.05416666666666667
0 0.420078125 0.5853125 0.12953125 0.05354166666666667
10 0.547265625 0.5859375 0.12828125 0.05520833333333333