13 0.12037037037037036 0.12391859856531509 0.23209876543209876 0.0646531818601644
11 0.3907407407407407 0.12276407746066931 0.3086419753086419 0.06388350112373387
15 0.8100740740740742 0.06165142698808534 0.29051851851851873 0.056802438348572994
4 0.24266081871345027 0.27585155046107923 0.06309941520467839 0.24260741907414698
9 0.30862329803328287 0.27597420971021763 0.0726172465960666 0.2433402122530285
5 0.3735249621785174 0.27597420971021763 0.05900151285930406 0.2433402122530285
6 0.4397881996974281 0.27635148135712156 0.07473524962178521 0.24334021225302857
17 0.5111498257839722 0.27587824862929783 0.06829268292682923 0.24329420351560124
8 0.6431852986217458 0.2761091146559329 0.19601837672281772 0.24364815373511092
1 0.9289787049109082 0.2757867933382537 0.05999130812690146 0.24305002378885465
7 0.2776 0.4234413965087282 0.13439999999999996 0.05286783042394026
0 0.4109 0.4234413965087282 0.1325999999999999 0.05236907730673317
10 0.5436708860759493 0.423387733198649 0.13333333333333341 0.05287414375453764
14 0.6755580357142856 0.42332784111150695 0.1319196428571429 0.05288118988243668
18 0.8505412480543371 0.4231698745414456 0.21783642281024504 0.05199356820304459
12 0.88920245398773 0.47427443660786683 0.14061349693251532 0.05079326224316509
2 0.41046528898934453 0.47494176248110753 0.8173516306102679 0.05090397995969083
3 0.4804078947368421 0.5258235988974931 0.9585526315789473 0.05250032812705087
16 0.10633986928104573 0.3219076491777093 0.20915032679738563 0.2558962071944322