13 0.13956458480021122 0.21106587174640104 0.22725669996479492 0.10542387669041738
11 0.3987258415976426 0.21308574564241306 0.2939091730738278 0.10501943499116635
15 0.7877547554347826 0.08576437682611579 0.3609035326086957 0.14517911315015314
16 0.12623980978260868 0.5409698996655518 0.20465353260869562 0.4307837719936018
4 0.25743885869565214 0.46389876128784613 0.05944293478260869 0.4031607441103627
9 0.321976902173913 0.46371964519412534 0.06963315217391308 0.3998836702050312
5 0.3839673913043478 0.46281081867093204 0.056046195652173926 0.39806601715864465
6 0.44712736629105176 0.4623487901656854 0.07238928915702694 0.3989900741691379
17 0.5149946296203962 0.4612725394536324 0.06573084945485981 0.39683757274503195
8 0.6399416529550591 0.4591755125781591 0.18947810713335986 0.3944307110658717
1 0.9105917064557296 0.453036108994567 0.06258017404506262 0.3895596863384224
7 0.2917144495412844 0.7046935247972343 0.12949159021406728 0.08182217994742925
0 0.4207403125415503 0.7031593589232201 0.1285601357864646 0.08489051169545787
10 0.5473528287461773 0.7006419928325549 0.12662461773700304 0.08599244301018454
14 0.6726362680706144 0.694689368602412 0.12489791840422573 0.08614573831965135
18 0.838483510375494 0.6923141547767494 0.2067965662055336 0.0908961659709768
2 0.4179347826086956 0.7890795404973098 0.7897418478260869 0.10178857059764423
12 0.8772114830368907 0.7741951764130957 0.13273736001317502 0.08675710840822623
3 0.48196310893768696 0.869408325233616 0.9211952396145044 0.11199038748536325