13 0.1804416403785489 0.2016612161027986 0.2069400630914826 0.10274071715914684
15 0.7921135646687698 0.09240876334905797 0.25552050473186116 0.10708187422220938
2 0.4365930599369085 0.7703527913639916 0.719242902208202 0.08827019361560497
3 0.498422712933754 0.854281827916534 0.841640378548896 0.09116429832431341
12 0.8574132492113565 0.7689057390096374 0.12492113564668762 0.08827019361560523
1 0.8921135646687698 0.44693659016583226 0.05552050473186114 0.393598240384337
18 0.8227129337539432 0.685700228634272 0.19432176656151431 0.08682314126125062
7 0.31861198738170343 0.6871472809886262 0.11735015772870656 0.08103493184383426
0 0.4350157728706625 0.6885943333429804 0.11798107255520505 0.08682314126125087
10 0.5523659305993691 0.685700228634272 0.11671924290220818 0.08392903655254244
14 0.6687697160883281 0.6871472809886262 0.11608832807570979 0.08392903655254244
16 0.1697160883280757 0.5243538911237808 0.18296529968454256 0.42109223511706656
4 0.28769716088328073 0.45055422105171766 0.05552050473186114 0.3950452927386912
9 0.3470031545741325 0.45055422105171766 0.06309148264984231 0.3950452927386912
8 0.6391167192429023 0.4476601163430093 0.17539432176656147 0.3979393974473998
17 0.5223974763406941 0.4483836425201865 0.059305993690851724 0.39649234509304543
5 0.40157728706624607 0.4491071686973635 0.04984227129337546 0.3950452927386914
6 0.46025236593059937 0.4476601163430093 0.06876971608832809 0.3950452927386914
11 0.41778656126482205 0.2008013924647351 0.2703557312252964 0.10244043949668205