15 0.8023703703703703 0.2961383558398484 0.22162962962962957 0.058437968885730045
1 0.869037037037037 0.47105741135591883 0.07170370370370364 0.18715944089078404
7 0.3777777777777777 0.5658216852246702 0.1025185185185186 0.043433625523177845
11 0.46903703703703703 0.3285161494116718 0.2482962962962963 0.06791439627260522
8 0.6586666666666666 0.46118613282792387 0.16296296296296295 0.1958461659954197
18 0.7976296296296296 0.5804311774461028 0.15881481481481496 0.042643923240938165
13 0.24829629629629626 0.3154860617547185 0.1931851851851852 0.06870409855484484
16 0.24118518518518517 0.476585327331596 0.1706666666666666 0.21400931848693044
17 0.5585185185185184 0.45684277027560605 0.06103703703703686 0.19347705914870097
5 0.4526723646723647 0.45249940772328834 0.04872934472934467 0.1958461659954197
6 0.5035897435897435 0.45459515608769346 0.06441025641025626 0.19517795637198623
9 0.40307692307692305 0.449401344923733 0.05948717948717949 0.19791154119512328
4 0.35035897435897434 0.44666776010059595 0.05005128205128203 0.1957246733366137
12 0.8209929078014185 0.6165978617550546 0.10326241134751762 0.038560994419997156
2 0.4698729116093104 0.6050140862566667 0.6057860916749963 0.06021634955716517
3 0.5183487802279748 0.642969465324612 0.6979056141472249 0.05599087609934621
14 0.6725619834710744 0.5764418756277644 0.09884297520661166 0.04008881213765873
10 0.5763636363636364 0.5735783890465032 0.10148760330578516 0.04229149412324452
0 0.47752066115702474 0.570054097869566 0.10016528925619823 0.04317256691747864