13 0.2103723586196412 0.2949804986971887 0.17314856339312854 0.05768168250636696
11 0.4109930584842927 0.3007916580847857 0.22645261820928014 0.05981325827048124
15 0.7105493216023107 0.2514125367386237 0.2026994337184555 0.054867234215060234
16 0.20060276679841896 0.46903432588916455 0.15711462450592883 0.22653019023986762
4 0.3013068120519032 0.42981982953932457 0.046269750586019925 0.2128241090372927
9 0.35040375297913867 0.43130572092703934 0.053164826057532935 0.21248737237517043
5 0.3987282878411911 0.4311414392059553 0.044354838709677435 0.21133167907361458
6 0.44627930099353663 0.4325464157161212 0.0550896193568002 0.21000598279700664
17 0.4987593052109181 0.43444995864350705 0.049627791563275424 0.20885028949545087
8 0.5952264267990074 0.436740423307809 0.14454714640198504 0.21343121882405475
1 0.8058894230769229 0.438701923076923 0.04567307692307679 0.21394230769230774
7 0.3267679900744417 0.5593465674110835 0.10018610421836228 0.04590570719602984
0 0.4249379652605459 0.5605872622001654 0.09801488833746902 0.046732837055417725
10 0.5230061349693251 0.5626278118609407 0.09739263803680984 0.04754601226993865
14 0.6182898773006135 0.5640740205107907 0.09547546012269947 0.048743574520340754
18 0.7467407975460122 0.565439672801636 0.16219325153374228 0.04498977505112483
2 0.4244169960474308 0.6067193675889327 0.6047430830039525 0.05665349143610001
12 0.7771837944664032 0.6114903368170905 0.10276679841897249 0.047111552979784505
3 0.47566105769230765 0.6514423076923077 0.7061298076923076 0.052884615384615474