13 0.1731849669994 0.28023236786123384 0.24068619429444169 0.03937571592210768
11 0.4370897021359984 0.2803957231040564 0.2905766215951401 0.03903953556731334
4 0.3034382175301987 0.36839716232404907 0.06779287710891492 0.13828054806828388
9 0.36625237096935204 0.3684013239745397 0.07300089847259664 0.13791894688121104
5 0.4259945592492762 0.3686311395627433 0.05646650693820514 0.1378125935908954
6 0.4860487171807926 0.36828017370470195 0.07112908056304287 0.1366427073974243
17 0.5512914230019492 0.3679989905318852 0.062366564559547005 0.13597361459203566
8 0.6718027551360884 0.36710817960817954 0.1787501787501787 0.13629701129701136
1 0.9294690098261525 0.36515908446712014 0.05432728647014344 0.1324227607709751
18 0.8580168178382463 0.44554280045351463 0.19723167044595621 0.029230442176870812
14 0.7006779100529101 0.44761904761904764 0.11835317460317456 0.029067460317460273
10 0.5818374955976543 0.4490322330254002 0.11980715166183432 0.02881843430476862
0 0.46223350451291617 0.45031261773715336 0.11963118580765647 0.028704829885170407
7 0.34185675741967136 0.45160834125944177 0.12351518974035525 0.029060201744755657
16 0.17083223654792698 0.3958818581780538 0.21945375305904702 0.1474616114561767
12 0.8942870401203734 0.4722729527417028 0.1258078341411675 0.028916396103896083
2 0.4568668717367107 0.4784385141736989 0.7501995625263053 0.03839462923769253
3 0.5200035346783493 0.5056210048571399 0.8750347133731066 0.0404567596811187
15 0.8133760326742782 0.2343097326649958 0.34345122064420314 0.0570001392369813