15 0.7736968320080777 0.08654970760233915 0.3306828221633218 0.1374269005847953
1 0.8828726492490218 0.45862573099415194 0.05174807522403138 0.39035087719298234
18 0.8140541508701751 0.696597510373444 0.18806531538254878 0.08990318118948835
13 0.17783106847855049 0.2029012345679012 0.20783373301358915 0.10493827160493832
11 0.4146416200373035 0.20598765432098765 0.26845190514255257 0.10493827160493832
8 0.6337996269650945 0.45675925925925925 0.17119637623234735 0.39660493827160476
12 0.8482946975752731 0.77929012345679 0.12057021049826806 0.09104938271604927
0 0.42969218827836275 0.6974999999999999 0.11736465899743961 0.08796296296296285
10 0.5473053441304927 0.7003032742887814 0.12036399865614758 0.08852925389157273
14 0.6635387342300072 0.7 0.11343968303617985 0.08792270531400959
5 0.3980815347721822 0.4560386473429952 0.05380043791054102 0.39420289855072466
17 0.5179856115107914 0.45748792270531397 0.06005630278385989 0.3990338164251208
6 0.45542696277760397 0.4560386473429952 0.06839745594828489 0.3980676328502416
4 0.28297362110311747 0.45507246376811594 0.057971014492753596 0.4
16 0.1656274980015987 0.5270370370370371 0.18545163868904876 0.4222222222222223
7 0.312935706480687 0.6977251104315324 0.11721411861336621 0.0926979272850834
9 0.34233163927573534 0.4561671763506627 0.06600224407629858 0.3985728848114169
2 0.42954706657209446 0.7766040688575899 0.7160468808052151 0.0970266040688576
3 0.48899246799743307 0.8634585289514867 0.8403418110581957 0.09859154929577471