13 0.139453125 0.18125 0.26015625 0.075
15 0.82421875 0.0890625 0.3484375 0.09895833333333333
11 0.428515625 0.175 0.32578125 0.07708333333333334
3 0.49921875 0.6135416666666667 0.9984375 0.13541666666666666
2 0.49921875 0.5552083333333333 0.9984375 0.13125
16 0.1234375 0.4046875 0.246875 0.303125
8 0.700390625 0.33177083333333335 0.21796875 0.2677083333333333
4 0.276953125 0.34739583333333335 0.07578125 0.27395833333333336
9 0.350390625 0.34479166666666666 0.08671875 0.27291666666666664
5 0.41835078983516477 0.3417410714285714 0.0726390796703296 0.2688988095238095
6 0.490234375 0.3390625 0.09296875 0.2677083333333333
17 0.5635559752747252 0.3361607142857143 0.08648695054945055 0.2681547619047619
1 0.96484375 0.315625 0.0671875 0.2520833333333333
7 0.31953125 0.5098443223443224 0.15 0.06364468864468857
0 0.46610576923076924 0.5027644230769232 0.1447115384615385 0.06322115384615377
18 0.902734375 0.4713541666666667 0.19140625 0.06770833333333333
10 0.6092161744505494 0.49270833333333336 0.1456301510989011 0.06458333333333334
14 0.7456301510989011 0.4822916666666667 0.13686469780219782 0.06458333333333334