15 0.7882231404958678 0.348968603904017 0.22272727272727275 0.047636984024992834
1 0.8979338842975207 0.5384087031661977 0.05206611570247924 0.21713602020694395
8 0.6557851239669421 0.5342543150244832 0.1619834710743803 0.21879777546362963
18 0.8304588457150102 0.6684277140353693 0.18830105856997967 0.05075348613837681
12 0.8642307692307691 0.7150958960610435 0.12076923076923071 0.049494741183749205
13 0.2238095238095238 0.3865412712597699 0.2 0.06241400343277022
11 0.4492424242424241 0.3930051182061905 0.25424242424242427 0.062149646600048604
16 0.20773195876288658 0.5645228158425694 0.18556701030927839 0.23492993560155878
2 0.4592783505154639 0.7089356291976453 0.6907216494845361 0.05251375031093661
3 0.5189990859780036 0.7567867529196842 0.8115664538943331 0.058529866340602796
7 0.3527777777777778 0.6596434545496208 0.1141025641025642 0.04754703146124055
0 0.46365390881519913 0.6610755940514654 0.11029901997643936 0.04811988726197843
10 0.573607038123167 0.6623792189821767 0.10967741935483855 0.047172407286564584
14 0.6821114369501465 0.6645412876494776 0.10791788856304993 0.04756551068061923
6 0.4888563049853373 0.5300999268827686 0.06334310850439874 0.21659997012414212
17 0.5470674486803518 0.5312792370649327 0.056598240469208125 0.21659997012414212
5 0.4344574780058651 0.5289206167006045 0.050146627565982385 0.21817238370036085
9 0.3809384164222873 0.527544754821413 0.06334310850439874 0.21777928030630622
4 0.32476780185758514 0.5268553025838528 0.056965944272445765 0.21954033483013644