13 0.18156633722671456 0.2170138888888889 0.2233702705400818 0.04890124288709199
11 0.42709070716146186 0.22827776586620924 0.2676614528029622 0.044623713550600366
15 0.7782990239130589 0.19615344450870767 0.3254218166498868 0.04890029561082189
4 0.2991788958770091 0.3070951257861635 0.056154537286612814 0.13360100329439947
9 0.35770752221223917 0.3092767295597484 0.06263726664670058 0.13204552261156038
5 0.413628409085507 0.31103623839472894 0.049330483416287596 0.12931641209943096
6 0.47025650144753917 0.3123612514974543 0.06465321453529001 0.12774829664570225
17 0.5311490237005254 0.3129068864180893 0.05900364788023626 0.12665702680443242
14 0.6440870158076948 0.31341968334953024 0.17011847605983402 0.12544237933268548
1 0.8939090967291592 0.31441178902116407 0.05721854619200436 0.1224578373015873
16 0.17301203895406791 0.3258353462157809 0.20128824476650561 0.1477311939268461
7 0.33133755095845263 0.38693186746465436 0.11622701448521122 0.029002949084916248
0 0.4454640597125611 0.38879939981660805 0.11236628009569236 0.02681494699751164
10 0.5583033573141486 0.3892861565878082 0.11407540634159341 0.02614105898379874
14 0.6716941162429884 0.38917979472490744 0.11387595974062147 0.026479890201694653
18 0.82603909253425 0.3887056277273065 0.19492187621727577 0.026468986655201223
2 0.4380361629470704 0.41259430727023316 0.7226604456781368 0.03153782088967269
12 0.8615921115921115 0.4148629148629148 0.12626262626262633 0.027056277056277035
3 0.5015596233268647 0.43946430126387026 0.8463276027931199 0.029260430661292643