13 0.12859848244131214 0.2015287844593706 0.2571969648826243 0.1067266286198847
11 0.42411973893784505 0.21559813275073478 0.33560798366080014 0.1194536566964777
15 0.8341434661153778 0.1149007319411641 0.33067085828513815 0.15562519000070155
16 0.11395962719654193 0.5189475504141585 0.22467302813111337 0.4243748330006444
4 0.257049863743924 0.45293368750294705 0.07688430620456349 0.39293966018578186
9 0.3320148404074188 0.4552791219721763 0.08500542808758033 0.39453582581029584
5 0.4027029104981249 0.4580137264365587 0.06748733544622793 0.3922101341630174
6 0.4750807684569042 0.46110612961590697 0.08504293262719229 0.39356695800427033
17 0.552667590250681 0.4654188819837996 0.07583556815245066 0.3896183936141108
8 0.6976181214156686 0.47210205083834156 0.21745479331282955 0.39232514089282794
1 0.9865965026183378 0.4843688603178097 0.025628102068187674 0.3835091083413231
7 0.29335634167385677 0.6926268802162739 0.15291434234018741 0.09273375980384463
0 0.44157219863487646 0.6965562768181318 0.14693445185761023 0.08801848388161519
10 0.5883618412978737 0.7027608259987791 0.14722407024683615 0.08818345464626542
14 0.7337325622122178 0.7075585873033337 0.1452259117197311 0.08801848388161519
18 0.9020178333622836 0.7156300045231722 0.19492212379132656 0.08759323584936964
2 0.4475520891174536 0.7798594847775175 0.8935664921108158 0.11316662213350524
12 0.9460528451464646 0.7979347091460636 0.10685210022296442 0.0864467252408719
3 0.49973944762897343 0.8648130393096836 0.9994788952579469 0.10930009587727708