13 0.12720010198444734 0.20988555078683832 0.2532613776399099 0.08869814020028613
11 0.41955551778353795 0.21703862660944206 0.33484893553733047 0.09442060085836905
15 0.8502637109821584 0.1535631230374748 0.2784052955885889 0.0847800372051356
16 0.11105256448391619 0.49171673819742484 0.2175668210597884 0.3834048640915593
4 0.24936732851115603 0.4305288476920475 0.0837155193257948 0.35413543766311517
9 0.32261502405228254 0.432346208869814 0.0884970585116761 0.35622317596566516
5 0.39745888751965325 0.43449213161659506 0.06798963158118392 0.351931330472103
6 0.4743721582458677 0.43520743919885546 0.08753665066077473 0.3505007153075822
17 0.5542599753537586 0.4366380543633762 0.08243742829218528 0.3505007153075822
8 0.7009173169781704 0.43806866952789697 0.22787466285193442 0.3505007153075822
1 0.9744472210799355 0.4435569755058574 0.047145161800525026 0.33546325878594246
7 0.28311137823047483 0.6464323748668797 0.15879543225888088 0.08093716719914805
0 0.43948442191639253 0.6503979441191662 0.1590118641092537 0.08034860389328438
10 0.5957954087720473 0.6512303290414878 0.15404297330280117 0.08154506437768248
14 0.7467556197679853 0.650276821749007 0.1512769302681343 0.07963804979272084
18 0.9067535507544364 0.650692225772098 0.1825325024515232 0.07667731629392961
2 0.45652487995580676 0.7236421725239617 0.9119109335826286 0.09052183173588939
12 0.9530456924807784 0.7248640915593705 0.09164795978836848 0.08306151645207441
3 0.49929460757234523 0.8086340367572113 0.9974503888157056 0.09306206493073187