13 0.19007947936416505 0.3268728004022121 0.19396044831641343 0.12443438914027156
11 0.4084979172018475 0.2777327935222671 0.25521958787292653 0.13157894736842105
15 0.7342667925323264 0.12951033314810403 0.21611960437649838 0.12438014342039107
16 0.19441044471644223 0.5813765182186234 0.1852985176118591 0.36437246963562747
4 0.3006814516912436 0.5012483130904183 0.06795574206834909 0.32219973009446695
9 0.35485705003248863 0.4900372369670615 0.07520362059325747 0.3210051481981306
5 0.4066499690224701 0.4767881241565451 0.06681702101938737 0.32388663967611336
6 0.4610967556703991 0.4686259809066826 0.0752225093310364 0.3199680111960813
17 0.5174324160962267 0.45317139001349527 0.07305030448645287 0.32051282051282043
8 0.6245070039439683 0.4360123956615185 0.17339861281109736 0.3435497575848454
1 0.8523825142732191 0.3848515519568151 0.06444481777479111 0.3120782726045884
7 0.3397592819257446 0.683434547908232 0.11389908880728958 0.09278002699055321
0 0.4476700112325027 0.6594779327235467 0.11057593020737301 0.09008596991053121
10 0.5543347134704404 0.6370445344129553 0.11144481214520653 0.0877192982456139
14 0.6615314484891527 0.6137376918078672 0.1095496421213815 0.0849652621582447
18 0.8002031168935833 0.5837856750137451 0.17730354453460642 0.0992852501624432
2 0.45110839113287093 0.7247638326585695 0.6646946824425404 0.20580296896086364
12 0.8356654371254825 0.6395928006830262 0.1148788360713521 0.08606819245917012
3 0.5086220534725518 0.7767316643256492 0.7712387280493593 0.23007243383183235