13 0.1875241966705381 0.24105933023615947 0.20244547683572076 0.03508517228029424
11 0.42154513070354654 0.2367201005814867 0.2668421604065168 0.03634292000628634
16 0.1784635955831608 0.3421001552795031 0.18439440993788814 0.13533040027605245
4 0.29565456545654567 0.31750942951438 0.056315155325056335 0.12572685840012573
9 0.35393420294410394 0.3168955288385981 0.06548273875006543 0.12646353921106399
5 0.4095945308816596 0.31591328775734717 0.052386191000052394 0.12597241867043843
6 0.4664008067473414 0.31554494735187805 0.06842946199381843 0.12621797894075115
17 0.5281595474684906 0.3141534391534392 0.06264249150428014 0.1262259646405988
8 0.6435815066767447 0.3115551776266062 0.1773116654069035 0.12849584278155707
1 0.8955844651720941 0.3065680739649812 0.06341024382261493 0.12477499590901657
15 0.773066522670953 0.1895943562610229 0.3325087067175675 0.05401234567901236
7 0.3285513643659711 0.3929936909220617 0.11759853754235773 0.02828495630461928
0 0.4438784911421727 0.3911494116717997 0.11516491615994107 0.028133143804785685
10 0.5589649727246626 0.38903885197489846 0.11689430294081461 0.02922357573520354
14 0.6750850814921167 0.3864187006460876 0.11682087687112803 0.02928830661242718
18 0.830778071654442 0.383208839091192 0.19715586001096275 0.03015094926859631
2 0.4455782667588223 0.4169720315553649 0.7193825770214659 0.039622956289622924
12 0.8678935095436625 0.40900342172797266 0.12754979933931412 0.029999524760003827
3 0.5092592592592593 0.44246031746031744 0.8492063492063492 0.04265873015873016