13 0.0907981049562682 0.291966718567536 0.1815962099125364 0.14232191514207865
11 0.4430758017492711 0.2688546126897625 0.5338921282798832 0.15205332814324637
15 0.9463798584760538 0.14107321347883833 0.10315865039483121 0.09173935070447606
4 0.20621720116618075 0.5729612689762553 0.13123906705539357 0.46345854418061505
9 0.3237244897959184 0.5636969637991436 0.1421282798833819 0.4595270533281433
5 0.43350947521865885 0.5541066562864927 0.11752915451895034 0.45251070455430126
6 0.5451166180758016 0.5455916699104709 0.14395043731778417 0.4500778513040094
17 0.6621431822225873 0.5351892234423801 0.12663994169096213 0.4415628649279876
8 0.8539905247813411 0.5196817827948618 0.2879373177842567 0.45080770727909686
7 0.28090379008746347 0.841791553133515 0.23323615160349861 0.12042623588945141
0 0.5069448674992385 0.8169303347025092 0.2269265915321353 0.11692220098418
10 0.7251142247943954 0.7910041075277562 0.21398111483399335 0.1159054861930132
14 0.9127474870545234 0.7692260767009638 0.1704233932378921 0.11065923787059243
2 0.4989795918367347 0.9005449591280654 0.9979591836734694 0.19346049046321526
16 0.08438566042252678 0.6693153772629357 0.16877132084505356 0.4950283179023353
3 0.5622448979591836 0.9455040871934605 0.8714285714285714 0.10354223433242507