15 0.8295281582952816 0.14999507243520252 0.27524099441907646 0.0837686015571105
1 0.9449518011161847 0.46535921947373615 0.05834601725012708 0.36463979501330435
13 0.165139366170294 0.23548171771860862 0.22336769759450167 0.09827189794556106
11 0.42477876106194684 0.2355637613802763 0.29760734185512955 0.0993187750684408
16 0.15305941809493637 0.5288892680624178 0.19902378933578976 0.37673650244671664
2 0.44622936189201245 0.7568041951980583 0.7853636769299419 0.08126029297044286
3 0.5135319053993753 0.8344156180180832 0.9210843373493975 0.0782964349613637
12 0.9065063385533184 0.7592583651199845 0.1351603281133483 0.07604654531408425
18 0.8683973563978866 0.6834692801194063 0.2122904105136934 0.07706137108104781
8 0.6678157871475293 0.46316169021823106 0.18916290992663318 0.36142923370134433
7 0.31666666666666665 0.6808371484630477 0.12895622895622894 0.07586657946370187
4 0.281681382912573 0.46407172235100863 0.05831226077464096 0.3602803617074007
9 0.3456705679687896 0.4640336978023599 0.07067943456452339 0.36020431261010344
5 0.4084967320261437 0.463787656605222 0.05547955616355075 0.3597122302158273
6 0.4719562243502052 0.4632955742109459 0.07245275371130354 0.3587280654272751
17 0.5403556771545827 0.46280349181666974 0.06586613973754875 0.36168055979293173
14 0.699265381083563 0.6819668232356264 0.12702785430058156 0.07729353707116948
0 0.44419698094531057 0.6809697008540161 0.12785614121917016 0.07370495585714049
10 0.571868008948546 0.6817029597798272 0.1283246333581903 0.07665008932451349