15 0.796456551048061 0.18450591717949702 0.37178045870590704 0.1284410254396491
13 0.1391005646148379 0.30067235778499657 0.22505626406601648 0.09695046712497792
11 0.3996920282702254 0.29752461534587393 0.2948105447414485 0.09569137014932894
16 0.12890064621418512 0.5902646621842814 0.20070807175478078 0.37395180176777215
8 0.6421868625050999 0.523532522474881 0.19017912372830065 0.3563244441086852
1 0.9189007778260355 0.5197552315479338 0.06054145115226179 0.351288056206089
18 0.8428949342598807 0.7350608143839239 0.2138692567878812 0.07932310946589106
17 0.5151814269356813 0.5216438770114074 0.06646398441715687 0.3575835410843343
6 0.4467432647635593 0.523532522474881 0.07172845843039696 0.3588426380599833
10 0.5470973006409497 0.7382085568230464 0.12766349482107364 0.07554581853894385
12 0.8813914004816993 0.8124952783863412 0.1381924428475541 0.07806401249024182
7 0.2940735183795949 0.7382085568230464 0.12832155407272874 0.07554581853894385
0 0.42140798357484105 0.7388381053108711 0.1263473763177637 0.07428672156329487
5 0.3848856951079874 0.5241620709627055 0.05593503639067667 0.3550653471330362
9 0.32368618470407073 0.5241620709627055 0.07041233992708701 0.3550653471330362
4 0.2591963780418789 0.523532522474881 0.05988339190060674 0.3563244441086852
2 0.42272410207815114 0.8137543753619904 0.7830905094694726 0.08058220644154006
3 0.48984614574696306 0.8899297423887588 0.9199668338137166 0.0818413034171893
14 0.6741027362103684 0.7369494598473973 0.12766349482107384 0.07554581853894385