13 0.14668769716088326 0.18590156418848852 0.22523659305993693 0.086232303275736
11 0.4055709779179811 0.18680754914695513 0.2967444794952683 0.08586117690720749
16 0.13290851735015774 0.4529597327890147 0.20358359621451097 0.3467630139827317
4 0.2630914826498423 0.39274993723598184 0.06056782334384863 0.3252813465337889
9 0.3282839116719243 0.3925643740517175 0.06898422712933756 0.327835569187779
5 0.3883280757097792 0.39183303679608783 0.05615141955835964 0.3292982436990384
6 0.45131230283911666 0.3916474736118236 0.07529337539432186 0.3296693700675669
17 0.5202902208201893 0.3921823322017619 0.0660441640378549 0.32929824369903876
8 0.6479495268138801 0.3927499372359818 0.19305993690851755 0.32964753910471223
1 0.9260757097791799 0.39311014812308304 0.060353312302839184 0.3289271173305098
7 0.2971608832807571 0.5892286029275321 0.12870662460567825 0.06767598484931188
0 0.4241829652996845 0.5890430397432679 0.12955205047318621 0.06804711121784038
10 0.5516214511041009 0.5877659284162728 0.12870662460567836 0.06841823758636888
14 0.680006309148265 0.5886719133747393 0.12765930599369085 0.06878936395489738
18 0.8493059936908517 0.5881152238219466 0.21053627760252358 0.06697739403796434
2 0.426813880126183 0.6574503618482094 0.78801261829653 0.0731337255629661
3 0.49242902208201894 0.7256721207688865 0.9230283911671925 0.0698590811347734
12 0.887589905362776 0.6558130396341131 0.13480126182965296 0.0698590811347734
15 0.8170347003154574 0.10458122755504132 0.2801261829652999 0.08077456256208179