16 0.4955018939393939 0.1805160984848485 0.2564709595959597 0.20596590909090912
13 0.6845012626262625 0.1994554924242424 0.06155303030303037 0.21780303030303028
11 0.6896306818181819 0.44300426136363635 0.05918560606060608 0.26929450757575757
15 0.7635548523206751 0.7894910337552742 0.08702531645569613 0.32107067510548526
4 0.544499269005848 0.31215734649122806 0.23117690058479543 0.05825109649122808
9 0.5467836257309941 0.3745202850877193 0.23026315789473684 0.06784539473684212
7 0.4060672514619883 0.3460800438596491 0.056652046783625724 0.1260964912280701
0 0.4120065789473684 0.4694353070175438 0.05756578947368417 0.12198464912280708
10 0.41748903508771934 0.590734649122807 0.05391081871345023 0.12609649122807026
18 0.4293676900584795 0.8621162280701753 0.05756578947368417 0.1973684210526315
14 0.42251461988304095 0.7106633771929824 0.05299707602339178 0.12061403508771917
12 0.3832236842105263 0.903577302631579 0.05299707602339178 0.12815241228070182
1 0.565561970402196 0.9159128289473685 0.21747076023391812 0.0760690789473685
8 0.5545504385964912 0.6722861842105262 0.22569444444444445 0.185032894736842
17 0.5518092105263157 0.5547560307017544 0.2220394736842105 0.06921600877192992
6 0.5495248538011696 0.49102247807017546 0.224780701754386 0.07332785087719292
5 0.5472404970760234 0.43414199561403505 0.22752192982456135 0.05688048245614041
2 0.35881705752476434 0.4601570891514501 0.09007563551736489 0.7722878625134264
3 0.31031746031746027 0.5236240118333876 0.10204081632653063 0.9056122448979592