15 0.7783852287487372 0.2676360225140713 0.23331829989897523 0.05003126954346464
1 0.8706257446487997 0.45142447606396324 0.05003126954346464 0.2084636230977693
13 0.2122263914946842 0.31714613299979155 0.19699812382739212 0.05941213258286433
11 0.43704313742600753 0.31610381488430267 0.2539312360923252 0.06149676881384202
16 0.20245465916197625 0.4953825307483844 0.17901813633520947 0.23035230352303532
4 0.3161976235146967 0.45425638047589273 0.053158223889931175 0.214808362369338
9 0.3717376373626374 0.4532967032967033 0.06124084249084245 0.2167277167277167
8 0.6408033254624165 0.45253357753357754 0.1568223443223443 0.21367521367521378
18 0.807977673734716 0.5765415140415141 0.17662707011298573 0.04655067155067161
0 0.4562531839021905 0.5815928001358465 0.10888945491594505 0.045848191543555794
17 0.5364875191034132 0.4521141110545084 0.05539989811512997 0.21480726778740025
2 0.4498853795211411 0.6274409916794023 0.6705298013245032 0.05603667855323485
6 0.47902097902097895 0.4519230769230769 0.06381118881118893 0.21503496503496505
5 0.4243881118881118 0.45221445221445217 0.047202797202797235 0.21561771561771556
12 0.8405358686257562 0.6204984154422357 0.11127917026793432 0.04393546528377987
3 0.5061581676750215 0.6712762892538173 0.7800345721694036 0.05762028233938339
14 0.6682152117545376 0.5790838375108038 0.10479688850475362 0.046096225871506774
10 0.5634278002699056 0.580109461688409 0.1057130004498425 0.047608337082021404
7 0.34680049482681063 0.5836707152496626 0.11161718398560498 0.04798320587794263