15 0.8398806754077879 0.1898273351362596 0.27663927895310525 0.09049303099646351
13 0.12055480836037047 0.20873048822478715 0.24030647042700612 0.10957664110528471
16 0.10314374406404773 0.4862700228832952 0.20628748812809547 0.3650925733305596
8 0.6904062262960294 0.44674433118369045 0.23393229349260292 0.32764718119409186
18 0.9026121377077184 0.6469731641356357 0.18920469394389458 0.07073018514666128
12 0.949462338175583 0.7181818181818181 0.09550429300816557 0.07272727272727272
2 0.4553170196898325 0.7111452049095071 0.910634039379665 0.0859267734553777
3 0.4986072423398329 0.7898273351362597 0.9972144846796658 0.08874557936342843
11 0.40590341099791694 0.22987310172664863 0.3363481724905031 0.10609527771999168
17 0.5400720925405805 0.44110420866121963 0.07859526008610089 0.32468813440169864
6 0.4564774595815738 0.43842313293114205 0.08860811294450066 0.331807780320366
10 0.5813109192228532 0.642565570194459 0.1601856040432824 0.0753847739027399
14 0.7366190090704537 0.6454129394632827 0.15425508181256084 0.07177033492822964
5 0.38240802996830275 0.4364224137931035 0.07323984247430605 0.3320924764890283
0 0.4223297473825761 0.6387147335423198 0.15908654307943518 0.07445141065830709
9 0.3088680242051676 0.43250391849529785 0.09545192584766114 0.33405172413793105
4 0.23352703870905775 0.43201410658307215 0.09245029295936993 0.3350313479623824
7 0.26384353088079915 0.636755485893417 0.16268850254538472 0.07445141065830709
1 0.9716695734111404 0.46083086053412464 0.05108982253705076 0.3088751011599677