15 0.7811607843137255 0.26519712362556963 0.2133333333333332 0.05595969731176054
13 0.24233725490196076 0.2863414022325348 0.19294117647058825 0.06689242861323634
11 0.45880784313725487 0.29940632969605757 0.24 0.06375684602199086
16 0.23449411764705883 0.4473013085831347 0.16941176470588235 0.20903883941636361
8 0.6446901960784314 0.4295539111166855 0.15686274509803935 0.19231573226305446
18 0.779592156862745 0.543459174714662 0.15215686274509807 0.035536602700781725
1 0.8458666666666668 0.4358041724152347 0.06666666666666651 0.18604456708056355
5 0.4435137254901961 0.4222166478531711 0.04784313725490192 0.19440612065721802
14 0.6587308956014838 0.5424139805175802 0.09584016958134597 0.0376269910949454
6 0.49324324324324326 0.4235578862444534 0.062162162162162166 0.193050193050193
17 0.547027027027027 0.42499855932691755 0.05837837837837833 0.191609519967729
10 0.5645945945945946 0.5391719011121996 0.09783783783783784 0.04105918285022766
12 0.8018918918918919 0.5795107474211951 0.09783783783783784 0.03673716360283539
2 0.4578378378378378 0.5737480550913386 0.5967567567567569 0.04682187518008394
3 0.504054054054054 0.6094047138823259 0.6816216216216217 0.04466086555638792
9 0.39432432432432435 0.41995620353829316 0.056756756756756656 0.19449086613265726
4 0.34216216216216216 0.4177951939145969 0.048648648648648665 0.19737221229758553
7 0.36972972972972973 0.5359303866766554 0.1005405405405405 0.04033884630899565
0 0.46810810810810816 0.5380913963003515 0.09729729729729733 0.040338846308995535