13 0.24297650845832475 0.19930477498855168 0.2945003766865283 0.1300945006452687
11 0.5429559619204165 0.23677199117438907 0.3068282994315459 0.1446650847175388
16 0.2340730086980344 0.5167353565630074 0.27943291555372923 0.4444028142042379
7 0.4525511951236216 0.6697264893218434 0.16026299568522712 0.08638274842845833
5 0.5463803849051435 0.4553307522584406 0.06985822888843227 0.34240872569834724
8 0.7884870899253477 0.4579326422713459 0.18423395657831634 0.3163898255692935
9 0.4799465790014383 0.44596394821198115 0.09314430518457635 0.3632238458015903
0 0.586788576124923 0.6645227092960326 0.120539689062393 0.0780567003871611
10 0.7152044380521883 0.653074393239249 0.14451064995548238 0.08221972440780968
14 0.8350592425176357 0.6421464551850464 0.0993082665570851 0.07493443237167473
18 0.9383466885829738 0.6325819074976062 0.11685500993082659 0.06908538362266349
12 0.9691664954455174 0.6895737063402856 0.055215396205739446 0.06542192248449276
2 0.5206972125196904 0.7462220557012614 0.8444627080336963 0.16860247283626822
15 0.9020478049448668 0.2050289330169435 0.18945277720704068 0.0895050164439449
4 0.4049517156359153 0.43971941218100824 0.08561057461817688 0.3798759418841846
3 0.5469351414286693 0.8182267599184047 0.8996781042394356 0.19527704924857403
6 0.604253133347031 0.45949377627908916 0.07602219026094102 0.33200116564672577
17 0.6696596123553181 0.4631364222971566 0.08766522840901306 0.32679738562091515