15 0.7793476055194806 0.11298131692868534 0.3310166396103895 0.14678742310321258
2 0.44452617694805197 0.7822112098427888 0.7051542207792207 0.09256094782410566
3 0.5040400752314814 0.8561407728074395 0.8240957754629628 0.09564736757719204
12 0.8559027777777778 0.7695385348894122 0.11979166666666674 0.08145574373644561
7 0.3303552890156537 0.7045614457996922 0.11419810703362765 0.07966287792884448
0 0.4442091112012987 0.7017543859649122 0.11477780032467533 0.07974481658692187
10 0.5592532467532467 0.7008145363408521 0.11541193181818188 0.08401686033264971
14 0.6716940038245652 0.6969097049907699 0.10993991442879159 0.08551451805890029
18 0.821429220709964 0.6944064707222602 0.18968011377487715 0.08544087491455916
4 0.29913329702161573 0.47650191670612185 0.05337928762730226 0.3739795182383442
9 0.3567192050396415 0.4767811840009822 0.06224568966164967 0.37358970908193706
5 0.4108682241979441 0.4770652490859745 0.05008592854711691 0.3741578392519216
6 0.4676535701202946 0.47593298153727004 0.06778742144772232 0.37429033676597034
17 0.5295308955813023 0.47467856284546983 0.06071296533090198 0.37257269887046374
8 0.6419700080476265 0.4721761880401404 0.1692383115497984 0.37610786543259234
1 0.888446338112189 0.465311004784689 0.054377615983414174 0.3727500569605832
11 0.4257685673701299 0.2410287081339713 0.26316456980519476 0.09791524265208476
13 0.1924335430194805 0.24316473000683525 0.20477374188311692 0.10002278423331053
16 0.1819685195351342 0.550005284295075 0.18257543192741132 0.3929718875502008