13 0.12344664910890078 0.23644113912570286 0.24689329821780157 0.10375476147288226
11 0.4130954511749214 0.24393122748827448 0.33879669641259047 0.11142494363970876
4 0.2430578639187911 0.5010883366588066 0.08437955457823007 0.4262651913658625
9 0.31883871055175594 0.5015871576274261 0.08881264512165375 0.4246508253219663
5 0.3920816656577794 0.5041946308724832 0.06815454947914307 0.42651006711409406
6 0.4696424191457304 0.506464965880237 0.08825642103787813 0.4243414719538826
17 0.5503539620918018 0.5082523335647613 0.08306691025348259 0.42443493018591366
8 0.6984207845134996 0.5108673205988642 0.2312786551197146 0.4217346411977284
1 0.9754313749316482 0.5152546025491042 0.04582599185855783 0.40573240564004676
15 0.8521734535719317 0.1636441525060688 0.2923418345779908 0.0955304869341711
16 0.10671822170061754 0.5762750261943194 0.21343644340123508 0.4601704754622944
7 0.2772653349585068 0.7624728751018613 0.16106464532425777 0.10300594229836013
0 0.43515822925463354 0.7657312733660646 0.15750700031112494 0.10134678618080266
10 0.5914040218494706 0.7675868319208347 0.15619712863150764 0.09981384411894388
14 0.7429373794953474 0.769546625888483 0.15019420459943553 0.09675379227668762
18 0.9067645211109074 0.7665132503912778 0.18315969950003932 0.09678489004430055
2 0.456170574548058 0.8587105801870903 0.912341149096116 0.11339431473659668
12 0.9522465294133946 0.8573685097301394 0.09219568289506508 0.09728735503074881
3 0.4991721854304636 0.9496644295302014 0.9983443708609272 0.09395973154362416