13 0.15671695402298852 0.22665344643971946 0.2244971264367816 0.10282398736733868
11 0.4167601738098562 0.2211450185450406 0.2970831006561497 0.10649627263045787
15 0.8192054655870444 0.11255836814942245 0.26568825910931154 0.10865206762297731
16 0.14683908045977012 0.5369615511732951 0.20294540229885055 0.40395137894311617
4 0.2761494252873563 0.4635158459109104 0.05926724137931032 0.38191766736440075
9 0.3397858351947508 0.4655482402245476 0.06848867443808464 0.38519744926336486
5 0.40186781609195404 0.4635158459109104 0.05926724137931032 0.38191766736440075
6 0.4665229885057471 0.46344076477496404 0.0700431034482758 0.37839554437317435
17 0.5329733381032156 0.4603111451478927 0.06645274908092524 0.37731021310107843
8 0.6619528450602633 0.45966440665013697 0.1928328156265998 0.37860369009658995
1 0.938415948275862 0.4524989901215527 0.058369252873563225 0.37824538210128167
7 0.31072198275862073 0.6948698174874225 0.12841235632183903 0.08446256105174252
0 0.43913433908045973 0.692115603540083 0.1302083333333334 0.08629870368330207
10 0.5684446839080459 0.6893613895927436 0.12841235632183903 0.08446256105174252
14 0.6950610632183908 0.6875252469611839 0.12661637931034483 0.08446256105174252
18 0.8634339080459771 0.6838529616980648 0.21012931034482768 0.08446256105174252
2 0.4400323275862069 0.7729058793287062 0.7911278735632183 0.08997098894642136
3 0.5089512366792313 0.8533088553962596 0.9280745381357904 0.09654096003052005
12 0.902819293478261 0.7665995277121822 0.1375679347826086 0.08855396582858727