15 0.8109817813765183 0.07382145062787346 0.26062753036437264 0.08783366499691209
13 0.1610576923076923 0.18018252933507167 0.21875 0.10567487819940985
11 0.4156511142061281 0.17628825543938148 0.2924791086350975 0.10896195065969863
16 0.15015668523676878 0.49997639393796334 0.19672701949860727 0.4201879042538124
8 0.655830938697318 0.4217156958244042 0.18738026819923376 0.39483083317098516
4 0.27775493421052627 0.42551293487957176 0.05962171052631575 0.39429081177520076
9 0.3410773026315789 0.42462087421944694 0.06866776315789469 0.3978590544157002
5 0.40213815789473684 0.42506690454950935 0.05427631578947363 0.398751115075825
6 0.46237664473684215 0.423728813559322 0.07277960526315788 0.39964317573595004
17 0.5306332236842104 0.42283675289919714 0.0645559210526315 0.3978590544157002
7 0.3114872685185185 0.6657250470809792 0.1276041666666666 0.0847457627118644
0 0.4375 0.6636321730448943 0.12442129629629624 0.08390953966036828
10 0.562298201107011 0.6604540621677403 0.1271333025830259 0.08255675777096755
14 0.6873421717171717 0.6606317411402157 0.12428977272727267 0.0834617360041089
1 0.9277003484320557 0.41893344357172385 0.05879790940766547 0.4015827083210299
18 0.8530890804597702 0.6584843171634521 0.20987274220032823 0.08238011744732969
12 0.8911894499178981 0.7411427458183741 0.13367200328407236 0.0840499846928836
2 0.43926182513139034 0.7471636690501834 0.7703505733397037 0.09628543895308798
3 0.5066105769230769 0.8305084745762711 0.9038461538461539 0.09387222946544976