15 0.7774621212121212 0.10718989463601536 0.2468434343434344 0.09728208812260536
1 0.8828914141414143 0.4663852969348659 0.05366161616161621 0.40559147509578547
8 0.6309974747474747 0.4656369731800767 0.17361111111111108 0.41008141762452105
18 0.8128156565656566 0.7118354885057472 0.19381313131313122 0.0853089080459771
12 0.8472222222222222 0.7971443965517241 0.12373737373737372 0.08530890804597685
11 0.4109848484848485 0.2097102490421456 0.26893939393939387 0.1047653256704981
13 0.17424242424242425 0.20671695402298854 0.20454545454545456 0.10775862068965517
4 0.28188131313131315 0.46414032567049807 0.056186868686868674 0.41008141762452105
16 0.16256313131313133 0.5374760536398469 0.18244949494949497 0.42804118773946354
9 0.33901515151515155 0.4648886494252873 0.06313131313131315 0.40559147509578547
17 0.5157828282828283 0.4663852969348659 0.06186868686868696 0.4085847701149426
6 0.4529671717171717 0.4648886494252874 0.06755050505050514 0.4115780651340996
5 0.3955176767676768 0.4648886494252874 0.04987373737373735 0.4085847701149425
14 0.6590909090909091 0.7118354885057472 0.11742424242424229 0.08231561302681994
10 0.5432449494949495 0.7110871647509579 0.11679292929292924 0.08381226053639852
0 0.42739898989898994 0.7095905172413793 0.11489898989898992 0.08381226053639852
7 0.3112373737373737 0.7103388409961686 0.11742424242424249 0.0853089080459771
2 0.42803030303030304 0.7956477490421455 0.7159090909090909 0.08231561302681971
3 0.4911616161616162 0.8802083333333334 0.8383838383838383 0.08979885057471257