13 0.15919838928688484 0.28733948715679336 0.214800767898113 0.03606751202955811
11 0.407103532103532 0.28734091234091236 0.2821273654606987 0.036196911196911166
15 0.7824518546964783 0.2406153993855607 0.347752033907948 0.057203661034306165
4 0.2743484224965706 0.3718707133058985 0.06042197400222088 0.13380609445424263
9 0.33492866052152664 0.37210374900468074 0.06827057757867257 0.13395240792832214
5 0.39335521588608 0.37211061507936505 0.05348161212358744 0.13375496031746037
6 0.4528439153439154 0.37199104693317653 0.06904761904761911 0.13351582402508336
17 0.5172548209306914 0.37202380952380953 0.062021142169401196 0.13415404040404041
8 0.6377314814814815 0.371544687950938 0.17956349206349206 0.13488681457431448
1 0.8997977420942538 0.3705935033151603 0.0568706164636398 0.133355117911804
7 0.3089937708732035 0.4524338976134189 0.12219032609103532 0.028495440729483245
0 0.42866053673520116 0.45277519774688396 0.11876287241220128 0.027921427239799786
10 0.5469246031746032 0.45234413511781524 0.11911375661375655 0.027356921029281233
14 0.6658399470899471 0.4519732571526553 0.11884920634920623 0.028103260337056596
18 0.8257809791374606 0.4514133254005939 0.2014345822216192 0.027998354097891122
12 0.8614639843279084 0.47919335191882656 0.1280866988145469 0.027228375527426258
2 0.4269510582010582 0.47997016467998616 0.7409391534391534 0.028875335794978696
16 0.15135382623493304 0.39607186156448027 0.19473948894614695 0.14118961020437273
3 0.49087860584141774 0.5076860382110007 0.8677754268461755 0.0302662243270319