13 0.1315494011976048 0.20691360641548762 0.23135547087642896 0.11304823980357866
11 0.39990473598258025 0.2051472276685567 0.30535519869352207 0.10951548230971686
15 0.802234892026013 0.10088893010439295 0.2611450698440781 0.1094315793192376
16 0.11968380571484229 0.5331537045105865 0.20447925417290624 0.4200042403086412
4 0.253649298384494 0.4593326800878191 0.062005975903848085 0.4023881800226699
9 0.3182498639085466 0.4586225778531432 0.07059744148067505 0.4009679755533182
5 0.3816174469243332 0.4586225778531432 0.057838867719107186 0.4009679755533182
6 0.4458356015242243 0.4573802248011352 0.07740201415351113 0.4034526816573342
17 0.5185160480474458 0.4570145534114198 0.06813257456379111 0.40065126694290354
8 0.6486251480293003 0.45821073270320095 0.1957750169517425 0.40014428525343354
1 0.9336384050081655 0.45685619910621245 0.06294229722373436 0.4009679755533182
7 0.2866209808003701 0.7010590946279658 0.13228660652324772 0.0840670434671649
0 0.419042596624932 0.7006164661826789 0.13439031028851386 0.08655255859961489
10 0.55045590636908 0.7006164661826789 0.1301374523679913 0.09008531609347677
14 0.681869216113228 0.7014996555561445 0.13268916712030496 0.09185169484040771
18 0.855811105062602 0.7023828449296099 0.21689575394665217 0.09008531609347677
2 0.42060630533191995 0.7850775703677259 0.8083178738217346 0.08590240726434083
12 0.8953626837234623 0.7845194566618974 0.1394937397931412 0.08478617985268386
3 0.4907784610205427 0.8701888258880469 0.9486621851989802 0.08655255859961522