15 0.7097537498997353 0.0796078921078921 0.4632229084783829 0.15505328005328006
11 0.21812251009331302 0.22217365967365968 0.3676372289510975 0.11759074259074259
4 0.04767252212507687 0.462037962037962 0.0815486216946071 0.3683816183816183
9 0.12654741851822143 0.4563145188145188 0.0922435229004572 0.3694222444222444
8 0.5319510173524772 0.4256160506160506 0.2546723349643058 0.37670662670662675
18 0.7956471752092189 0.6243756243756244 0.2753937060506404 0.09365634365634373
17 0.3705248522766771 0.4391441891441891 0.09491724820191975 0.3642191142191141
1 0.8765273655784603 0.39960039960039956 0.09759097350338225 0.36005661005661005
12 0.8507927595518835 0.7003413253413253 0.17713430122189228 0.08949383949383942
10 0.4189861233656854 0.6550740925740925 0.16510253736531116 0.08845321345321344
6 0.2856340739552418 0.44642857142857145 0.10293842410630735 0.3663003663003663
5 0.20542231491136598 0.4511113886113886 0.07753803374241328 0.3631784881784882
0 0.2558888799764712 0.6670412920412919 0.16376567471457987 0.08949383949383942
7 0.09412849923798827 0.6795288045288045 0.16643940001604235 0.09157509157509157
3 0.4736905430336087 0.8081085581085581 0.9473810860672174 0.14893439893439903
2 0.38322504745862407 0.7372835497835498 0.7660222988690142 0.13632201132201127
14 0.5804122884414856 0.6425865800865801 0.16309724338921414 0.09261571761571755