13 0.1003024193548387 0.27457597212113194 0.2006048387096774 0.14557003903923768
11 0.3449215344376635 0.27168901184649213 0.29206625980819534 0.14329289919841104
15 0.8001917909709656 0.0858338653614244 0.16400177115309933 0.12343051713130454
16 0.08971350637029005 0.6335163986854585 0.1794270127405801 0.41138975275149436
4 0.20441684738411495 0.5326319504179624 0.04997966928706968 0.3705419175544234
9 0.25392327811682647 0.53222868206657 0.05122057541412382 0.3741465941558577
5 0.31546226271676936 0.5327374618713201 0.07185739378576192 0.37312903454635743
6 0.3861225941989699 0.5315291470919077 0.07115749525616691 0.37715873751075235
17 0.45660961093242874 0.5318352495286262 0.07080422622405547 0.3777709423841891
8 0.6075376805037621 0.5317219886464908 0.23316603232400196 0.3767730544015862
1 0.9668166362011239 0.531519311278459 0.06353737004828111 0.3727278525796357
7 0.22983023854703175 0.77855709212819 0.10080645161290322 0.1257195791702506
0 0.3503705318221447 0.7778378855266305 0.14167393199651263 0.12274677906915046
10 0.5015802092414996 0.7785830229090998 0.16183522231909325 0.11694901412363169
14 0.6525174367916303 0.7781797545577073 0.14112903225806453 0.12343051713130469
18 0.8610369442022667 0.7774703837695963 0.27590998256320837 0.12201177555508257
2 0.41712269585253453 0.8789121947991797 0.8342453917050691 0.08381305278016726
12 0.9163442676547515 0.8770723015743859 0.1652953356582388 0.08454447963479919
3 0.4994959677419355 0.958005249343832 0.998991935483871 0.07874015748031496