15 0.6614285714285715 0.14242424242424243 0.06 0.28484848484848485
11 0.61 0.7348484848484849 0.041428571428571426 0.40606060606060607
9 0.51 0.8106060606060606 0.15857142857142856 0.12424242424242424
6 0.51 0.575 0.15857142857142856 0.14393939393939395
17 0.51 0.45227272727272727 0.15857142857142856 0.10151515151515152
8 0.51 0.2863636363636364 0.15857142857142856 0.23030303030303031
4 0.5096428571428572 0.925 0.15928571428571428 0.10454545454545454
5 0.5096428571428572 0.6977272727272728 0.15928571428571428 0.09848484848484848
10 0.4139285714285714 0.3371212121212121 0.03357142857142857 0.33181818181818185
7 0.4135714285714286 0.8628787878787879 0.032857142857142856 0.2287878787878788
0 0.4135714285714286 0.625 0.032857142857142856 0.24393939393939393
14 0.4139285714285714 0.08636363636363636 0.03357142857142857 0.17272727272727273
2 0.3807142857142857 0.49924242424242427 0.03428571428571429 0.9984848484848485
3 0.34714285714285714 0.49924242424242427 0.03428571428571429 0.9984848484848485