11 0.3782142857142857 0.2287878787878788 0.045 0.45151515151515154
4 0.48964285714285716 0.038636363636363635 0.17785714285714285 0.07727272727272727
5 0.48928571428571427 0.27045454545454545 0.17714285714285713 0.11060606060606061
6 0.48928571428571427 0.40606060606060607 0.1757142857142857 0.1606060606060606
17 0.48928571428571427 0.5431818181818182 0.1757142857142857 0.11363636363636363
9 0.48964285714285716 0.14469696969696969 0.17642857142857143 0.13787878787878788
8 0.48964285714285716 0.7325757575757575 0.17642857142857143 0.26212121212121214
7 0.5967857142857143 0.10757575757575757 0.03785714285714286 0.21515151515151515
0 0.5964285714285714 0.3696969696969697 0.03571428571428571 0.3090909090909091
10 0.5967857142857143 0.6431818181818182 0.03785714285714286 0.23787878787878788
14 0.5971428571428572 0.8803030303030303 0.037142857142857144 0.23636363636363636
2 0.6339285714285714 0.49924242424242427 0.03785714285714286 0.9984848484848485
3 0.6714285714285714 0.49924242424242427 0.037142857142857144 0.9984848484848485