11 0.6217857142857143 0.7712121212121212 0.045 0.45151515151515154
4 0.5110714285714286 0.9613636363636363 0.17785714285714285 0.07424242424242425
5 0.5107142857142857 0.7295454545454545 0.17714285714285713 0.11060606060606061
6 0.5107142857142857 0.593939393939394 0.1757142857142857 0.1606060606060606
17 0.5107142857142857 0.45681818181818185 0.1757142857142857 0.11363636363636363
9 0.5103571428571428 0.8553030303030303 0.17642857142857143 0.13787878787878788
8 0.5103571428571428 0.2674242424242424 0.17642857142857143 0.26212121212121214
7 0.4039285714285714 0.8924242424242425 0.03785714285714286 0.21212121212121213
0 0.4035714285714286 0.6303030303030303 0.03571428571428571 0.3090909090909091
10 0.4032142857142857 0.3568181818181818 0.03785714285714286 0.23787878787878788
14 0.4035714285714286 0.11969696969696969 0.037142857142857144 0.23939393939393938
2 0.36678571428571427 0.49924242424242427 0.03785714285714286 0.9984848484848485
3 0.3292857142857143 0.49924242424242427 0.037142857142857144 0.9984848484848485