15 0.3392857142857143 0.8575757575757575 0.06 0.2818181818181818
11 0.39 0.26515151515151514 0.041428571428571426 0.40606060606060607
9 0.49 0.1893939393939394 0.15857142857142856 0.12424242424242424
6 0.49 0.425 0.15857142857142856 0.14393939393939395
17 0.49 0.5477272727272727 0.15857142857142856 0.10151515151515152
8 0.49 0.7136363636363636 0.15857142857142856 0.23030303030303031
4 0.4903571428571429 0.075 0.15928571428571428 0.10454545454545454
5 0.4903571428571429 0.30227272727272725 0.15928571428571428 0.09848484848484848
10 0.5860714285714286 0.6628787878787878 0.03357142857142857 0.33181818181818185
7 0.5864285714285714 0.13712121212121212 0.032857142857142856 0.2287878787878788
0 0.5864285714285714 0.375 0.032857142857142856 0.24393939393939393
14 0.5867857142857142 0.9136363636363637 0.03357142857142857 0.1696969696969697
2 0.62 0.49924242424242427 0.03428571428571429 0.9984848484848485
3 0.6535714285714286 0.49924242424242427 0.03428571428571429 0.9984848484848485