13 0.8407142857142857 0.2409090909090909 0.21285714285714286 0.09696969696969697
11 0.6278571428571429 0.24166666666666667 0.21285714285714286 0.09545454545454546
4 0.7278571428571429 0.4772727272727273 0.055714285714285716 0.37575757575757573
5 0.6082142857142857 0.4772727272727273 0.052142857142857144 0.37575757575757573
6 0.5442857142857143 0.4772727272727273 0.07571428571428572 0.37272727272727274
17 0.47964285714285715 0.4772727272727273 0.05357142857142857 0.37272727272727274
1 0.10321428571428572 0.478030303030303 0.062142857142857146 0.37424242424242427
9 0.6675 0.478030303030303 0.065 0.37424242424242427
8 0.39035714285714285 0.478030303030303 0.12357142857142857 0.37424242424242427
16 0.8510714285714286 0.5462121212121213 0.19071428571428573 0.39545454545454545
7 0.6953571428571429 0.7045454545454546 0.12071428571428572 0.07878787878787878
0 0.5614285714285714 0.7045454545454546 0.1457142857142857 0.07575757575757576
18 0.15035714285714286 0.7053030303030303 0.15642857142857142 0.07727272727272727
10 0.4325 0.7053030303030303 0.11214285714285714 0.0803030303030303
14 0.30214285714285716 0.7053030303030303 0.14857142857142858 0.07727272727272727
2 0.5878571428571429 0.7833333333333333 0.7185714285714285 0.07878787878787878
12 0.15 0.7840909090909091 0.15571428571428572 0.0803030303030303
3 0.5096428571428572 0.8628787878787879 0.875 0.07727272727272727