13 0.66 0.05758426966292135 0.07636363636363637 0.1151685393258427
11 0.6863636363636364 0.37219101123595505 0.056363636363636366 0.5224719101123596
15 0.7318181818181818 0.8595505617977528 0.07454545454545454 0.2752808988764045
16 0.5118181818181818 0.033707865168539325 0.22727272727272727 0.06741573033707865
4 0.5654545454545454 0.11095505617977527 0.19090909090909092 0.12078651685393259
9 0.5745454545454546 0.23595505617977527 0.19090909090909092 0.1348314606741573
5 0.5809090909090909 0.35252808988764045 0.18545454545454546 0.12078651685393259
6 0.5827272727272728 0.4747191011235955 0.18181818181818182 0.1601123595505618
17 0.5827272727272728 0.5997191011235955 0.18 0.1544943820224719
8 0.5818181818181818 0.8146067415730337 0.18181818181818182 0.3651685393258427
7 0.45545454545454545 0.17415730337078653 0.06545454545454546 0.2640449438202247
0 0.4672727272727273 0.4339887640449438 0.05272727272727273 0.25842696629213485
10 0.47 0.6839887640449438 0.045454545454545456 0.25280898876404495
14 0.4690909090909091 0.898876404494382 0.04727272727272727 0.19662921348314608
2 0.40454545454545454 0.49859550561797755 0.1 0.9971910112359551
3 0.35909090909090907 0.49859550561797755 0.11090909090909092 0.9971910112359551