15 0.7896749521988528 0.7583333333333333 0.3652007648183556 0.18
1 0.8910133843212237 0.445 0.0745697896749522 0.33
8 0.612810707456979 0.515 0.2084130019120459 0.35
18 0.8021032504780115 0.2733333333333333 0.22753346080305928 0.13
4 0.25908221797323133 0.62 0.09177820267686425 0.31333333333333335
16 0.13097514340344169 0.6033333333333334 0.2237093690248566 0.37
12 0.8384321223709369 0.19333333333333333 0.1491395793499044 0.11333333333333333
2 0.38910133843212236 0.3283333333333333 0.762906309751434 0.29333333333333333
3 0.4541108986615679 0.235 0.9082217973231358 0.34
11 0.4091778202676864 0.7666666666666667 0.2734225621414914 0.15666666666666668
17 0.494263862332696 0.55 0.08986615678776291 0.31
14 0.630019120458891 0.325 0.13001912045889102 0.10333333333333333
13 0.1701720841300191 0.8416666666666667 0.2179732313575526 0.14666666666666667
9 0.3173996175908222 0.6 0.09560229445506692 0.31
5 0.3738049713193117 0.585 0.0841300191204589 0.30666666666666664
6 0.4311663479923518 0.5683333333333334 0.09560229445506692 0.31
10 0.505736137667304 0.3616666666666667 0.12810707456978968 0.1
7 0.26864244741873805 0.43333333333333335 0.12619502868068833 0.1
0 0.3862332695984704 0.39666666666666667 0.124282982791587 0.1