13 0.125 0.7634228187919463 0.24668874172185432 0.1040268456375839
11 0.41307947019867547 0.7567114093959731 0.3394039735099338 0.11073825503355705
4 0.2433774834437086 0.4983221476510067 0.08443708609271523 0.4261744966442953
9 0.31870860927152317 0.4983221476510067 0.08940397350993377 0.4261744966442953
5 0.3923841059602649 0.4966442953020134 0.06788079470198675 0.4261744966442953
6 0.4693708609271523 0.49328859060402686 0.08774834437086093 0.4228187919463087
17 0.5504966887417219 0.49161073825503354 0.08278145695364239 0.4228187919463087
8 0.6986754966887417 0.4899328859060403 0.23178807947019867 0.4228187919463087
1 0.9751655629139073 0.4848993288590604 0.046357615894039736 0.40604026845637586
15 0.8518211920529801 0.8355704697986577 0.29304635761589404 0.09395973154362416
16 0.1076158940397351 0.4228187919463087 0.2119205298013245 0.46308724832214765
7 0.277317880794702 0.23825503355704697 0.1605960264900662 0.1040268456375839
0 0.43543046357615894 0.2348993288590604 0.15728476821192053 0.10067114093959731
10 0.5910596026490066 0.2332214765100671 0.15562913907284767 0.10067114093959731
14 0.7425496688741722 0.22986577181208054 0.15066225165562913 0.09731543624161074
18 0.9064569536423841 0.2332214765100671 0.1837748344370861 0.09731543624161074
2 0.45778145695364236 0.14093959731543623 0.9122516556291391 0.11409395973154363
12 0.9519867549668874 0.14261744966442952 0.09271523178807947 0.09731543624161074
3 0.5 0.04865771812080537 0.9966887417218543 0.09731543624161074