15 0.22666666666666666 0.06871035940803383 0.26166666666666666 0.0507399577167019
13 0.8658333333333333 0.12579281183932348 0.21666666666666667 0.05919661733615222
11 0.6158333333333333 0.12473572938689217 0.285 0.0613107822410148
8 0.38333333333333336 0.27061310782241016 0.18166666666666667 0.23044397463002114
1 0.11833333333333333 0.26955602536997886 0.05333333333333334 0.22832980972515857
18 0.19083333333333333 0.4080338266384778 0.20166666666666666 0.048625792811839326
12 0.155 0.45560253699788583 0.13 0.048625792811839326
14 0.35333333333333333 0.4069767441860465 0.12333333333333334 0.048625792811839326
10 0.475 0.4080338266384778 0.12333333333333334 0.0507399577167019
17 0.5058333333333334 0.26849894291754756 0.065 0.22832980972515857
6 0.5716666666666667 0.26955602536997886 0.07 0.22832980972515857
16 0.8766666666666667 0.3118393234672304 0.19333333333333333 0.24312896405919662
4 0.7525 0.27061310782241016 0.06 0.22832980972515857
9 0.6908333333333333 0.26955602536997886 0.065 0.23044397463002114
5 0.6316666666666667 0.27167019027484146 0.055 0.22832980972515857
0 0.5966666666666667 0.4090909090909091 0.12333333333333334 0.0507399577167019
7 0.72 0.4090909090909091 0.125 0.0507399577167019
2 0.5975 0.45665961945031713 0.7583333333333333 0.0507399577167019
3 0.5341666666666667 0.5042283298097252 0.885 0.052854122621564484