15 0.9270833333333334 0.7490234375 0.09895833333333333 0.2509765625
13 0.951171875 0.3193359375 0.06640625 0.1494140625
11 0.9212239583333334 0.48779296875 0.07552083333333333 0.1953125
16 0.8209635416666666 0.296875 0.193359375 0.1484375
8 0.7916666666666666 0.634765625 0.18294270833333334 0.14111328125
1 0.7604166666666666 0.81884765625 0.16927083333333334 0.05517578125
7 0.7337239583333334 0.39697265625 0.049479166666666664 0.08642578125
4 0.8359375 0.384765625 0.16927083333333334 0.0546875
9 0.828125 0.42626953125 0.169921875 0.0615234375
18 0.669921875 0.7578125 0.059244791666666664 0.14453125
12 0.6315104166666666 0.7802734375 0.050130208333333336 0.09326171875
14 0.6901041666666666 0.64599609375 0.048177083333333336 0.0869140625
10 0.7037760416666666 0.5625 0.048828125 0.08740234375
17 0.8059895833333334 0.55224609375 0.16861979166666666 0.0595703125
6 0.8138020833333334 0.50732421875 0.169921875 0.0634765625
5 0.8209635416666666 0.46630859375 0.16796875 0.0517578125
0 0.7180989583333334 0.4794921875 0.048828125 0.0849609375
2 0.6861979166666666 0.4775390625 0.12760416666666666 0.51708984375
3 0.6432291666666666 0.51953125 0.142578125 0.60791015625