11 0.6230425055928411 0.30927835051546393 0.0447427293064877 0.6185567010309279
15 0.6683445190156599 0.9304123711340206 0.04586129753914989 0.13402061855670103
4 0.5162192393736018 0.037371134020618556 0.17114093959731544 0.07474226804123711
9 0.5145413870246085 0.14175257731958762 0.17002237136465326 0.14432989690721648
5 0.5145413870246085 0.2706185567010309 0.17002237136465326 0.11597938144329897
6 0.5145413870246085 0.4020618556701031 0.17114093959731544 0.15206185567010308
17 0.5145413870246085 0.5463917525773195 0.17002237136465326 0.13659793814432988
8 0.5151006711409396 0.8054123711340206 0.17337807606263983 0.38402061855670105
7 0.4116331096196868 0.10695876288659793 0.03803131991051454 0.21391752577319587
0 0.4121923937360179 0.34536082474226804 0.03467561521252797 0.2654639175257732
10 0.4121923937360179 0.6108247422680413 0.03467561521252797 0.2706185567010309
14 0.4105145413870246 0.8698453608247423 0.03803131991051454 0.2551546391752577
2 0.3769574944071588 0.49871134020618557 0.03803131991051454 0.9974226804123711
3 0.34060402684563756 0.49871134020618557 0.039149888143176735 0.9974226804123711