13 0.412109375 0.8958333333333334 0.048828125 0.20572916666666666
11 0.4072265625 0.6256510416666666 0.0498046875 0.3359375
15 0.3583984375 0.17317708333333334 0.044921875 0.3072916666666667
16 0.541015625 0.908203125 0.169921875 0.18098958333333334
4 0.509765625 0.7858072916666666 0.1572265625 0.06901041666666667
9 0.5107421875 0.712890625 0.158203125 0.078125
5 0.50927734375 0.642578125 0.158203125 0.0625
6 0.5068359375 0.5703125 0.1591796875 0.08203125
17 0.50732421875 0.4928385416666667 0.16015625 0.078125
8 0.50341796875 0.3483072916666667 0.162109375 0.22265625
1 0.49951171875 0.035807291666666664 0.1611328125 0.07161458333333333
7 0.60693359375 0.7473958333333334 0.037109375 0.14713541666666666
0 0.6044921875 0.599609375 0.0361328125 0.14583333333333334
10 0.6015625 0.455078125 0.03515625 0.1484375
14 0.59912109375 0.3092447916666667 0.0361328125 0.14583333333333334
18 0.595703125 0.119140625 0.0390625 0.23828125
2 0.6376953125 0.5716145833333334 0.048828125 0.8541666666666666
12 0.62939453125 0.07421875 0.0380859375 0.1484375
3 0.6689453125 0.4993489583333333 0.05078125 0.9986979166666666