13 0.076 0.241 0.06133333333333333 0.195
11 0.088 0.4585 0.06266666666666666 0.241
15 0.05 0.767 0.09333333333333334 0.272
16 0.238 0.225 0.21866666666666668 0.186
4 0.20466666666666666 0.3395 0.19866666666666666 0.057
9 0.206 0.394 0.19733333333333333 0.06
5 0.20933333333333334 0.4465 0.19733333333333333 0.047
6 0.212 0.5005 0.196 0.062
17 0.214 0.5565 0.196 0.057
8 0.21733333333333332 0.659 0.196 0.158
1 0.22933333333333333 0.8735 0.18533333333333332 0.061
18 0.8533333333333334 0.8215 0.05333333333333334 0.165
7 0.3273333333333333 0.3675 0.04533333333333334 0.113
0 0.3293333333333333 0.4775 0.048 0.108
10 0.33266666666666667 0.5845 0.04666666666666667 0.108
14 0.336 0.6885 0.042666666666666665 0.102
2 0.37333333333333335 0.4675 0.058666666666666666 0.672
3 0.41933333333333334 0.5205 0.056 0.78
12 0.38333333333333336 0.8545 0.04533333333333334 0.108
16 0.7893333333333333 0.2115 0.24533333333333332 0.191
13 0.6013333333333334 0.2255 0.058666666666666666 0.206
4 0.7426666666666667 0.3325 0.22666666666666666 0.055
15 0.5353333333333333 0.7875 0.072 0.291
3 0.9546666666666667 0.509 0.088 0.792
2 0.9173333333333333 0.457 0.084 0.686
9 0.7426666666666667 0.39 0.22266666666666668 0.061
5 0.74 0.4445 0.22133333333333333 0.05
6 0.7393333333333333 0.499 0.22133333333333333 0.062
17 0.7373333333333333 0.559 0.21733333333333332 0.057
8 0.7353333333333333 0.6645 0.216 0.159
1 0.7273333333333334 0.8835 0.204 0.048
18 0.3433333333333333 0.8205 0.04666666666666667 0.167
12 0.894 0.852 0.04666666666666667 0.105
14 0.86 0.6895 0.04933333333333333 0.103
10 0.866 0.5845 0.050666666666666665 0.108
7 0.8773333333333333 0.363 0.052 0.115
0 0.872 0.4755 0.050666666666666665 0.111