13 0.165 0.8532608695652174 0.175 0.08478260869565217
11 0.3665 0.8554347826086957 0.229 0.08695652173913043
15 0.6735 0.9489130434782609 0.287 0.09782608695652174
16 0.1565 0.5978260869565217 0.155 0.33043478260869563
4 0.256 0.6565217391304348 0.045 0.3108695652173913
9 0.305 0.657608695652174 0.053 0.3108695652173913
5 0.353 0.657608695652174 0.043 0.3130434782608696
6 0.4015 0.657608695652174 0.056 0.31521739130434784
17 0.454 0.658695652173913 0.051 0.31521739130434784
8 0.552 0.658695652173913 0.146 0.3130434782608696
1 0.7665 0.657608695652174 0.045 0.31521739130434784
7 0.2825 0.46847826086956523 0.098 0.06521739130434782
0 0.38 0.46956521739130436 0.097 0.06521739130434782
10 0.4785 0.46956521739130436 0.099 0.06739130434782609
14 0.5765 0.46956521739130436 0.096 0.06739130434782609
18 0.7065 0.46956521739130436 0.165 0.06739130434782609
2 0.3815 0.40217391304347827 0.606 0.06739130434782609
3 0.434 0.3358695652173913 0.71 0.06956521739130435
12 0.7365 0.4032608695652174 0.105 0.06521739130434782