13 0.28 0.6433333333333333 0.1775 0.05333333333333334
11 0.48125 0.64 0.2325 0.05
15 0.78375 0.68 0.1825 0.05333333333333334
4 0.3725 0.5183333333333333 0.05 0.19333333333333333
16 0.2675 0.48333333333333334 0.1625 0.21
2 0.495 0.35833333333333334 0.615 0.04666666666666667
3 0.54375 0.31833333333333336 0.7175 0.043333333333333335
12 0.85125 0.3566666666666667 0.1 0.04
1 0.87875 0.5083333333333333 0.045 0.18666666666666668
18 0.82125 0.39666666666666667 0.16 0.043333333333333335
8 0.67 0.515 0.1475 0.19333333333333333
5 0.47125 0.5183333333333333 0.045 0.19333333333333333
6 0.52 0.5166666666666667 0.0575 0.19333333333333333
17 0.5725 0.5166666666666667 0.05 0.19333333333333333
9 0.42125 0.5183333333333333 0.0575 0.19333333333333333
0 0.49875 0.4 0.0975 0.043333333333333335
10 0.59625 0.4 0.1 0.04
14 0.6925 0.39666666666666667 0.1 0.04666666666666667
7 0.3975 0.4 0.1025 0.04