13 0.192 0.7681818181818182 0.202 0.10454545454545454
11 0.427 0.7681818181818182 0.266 0.10454545454545454
15 0.786 0.8613636363636363 0.234 0.09545454545454546
16 0.181 0.45454545454545453 0.18 0.40454545454545454
4 0.298 0.5272727272727272 0.054 0.38181818181818183
9 0.355 0.525 0.062 0.38181818181818183
5 0.411 0.525 0.05 0.38181818181818183
6 0.468 0.525 0.066 0.38181818181818183
17 0.531 0.5227272727272727 0.062 0.38181818181818183
8 0.643 0.5227272727272727 0.172 0.38636363636363635
1 0.894 0.5181818181818182 0.054 0.38636363636363635
7 0.328 0.29318181818181815 0.118 0.08636363636363636
0 0.442 0.2909090909090909 0.114 0.08636363636363636
10 0.557 0.28863636363636364 0.116 0.08636363636363636
14 0.672 0.2863636363636364 0.116 0.08636363636363636
18 0.824 0.2863636363636364 0.192 0.09090909090909091
2 0.444 0.20909090909090908 0.71 0.08636363636363636
12 0.858 0.20454545454545456 0.122 0.08181818181818182
3 0.503 0.12954545454545455 0.832 0.09090909090909091