11 0.625 0.698093220338983 0.04814814814814815 0.5995762711864406
15 0.6662037037037037 0.07838983050847458 0.04351851851851852 0.15677966101694915
4 0.5185185185185185 0.9671610169491526 0.1685185185185185 0.0614406779661017
9 0.5180555555555556 0.8654661016949152 0.1685185185185185 0.1461864406779661
5 0.5175925925925926 0.7372881355932204 0.1685185185185185 0.11440677966101695
6 0.5175925925925926 0.6069915254237288 0.16944444444444445 0.1483050847457627
17 0.5171296296296296 0.4650423728813559 0.1685185185185185 0.13771186440677965
8 0.5166666666666667 0.20127118644067796 0.17037037037037037 0.3919491525423729
7 0.41712962962962963 0.8951271186440678 0.03796296296296296 0.2055084745762712
0 0.41574074074074074 0.663135593220339 0.03611111111111111 0.2605932203389831
10 0.4148148148148148 0.399364406779661 0.03611111111111111 0.2690677966101695
14 0.41388888888888886 0.13559322033898305 0.03611111111111111 0.2605932203389831
2 0.38055555555555554 0.4989406779661017 0.040740740740740744 0.9978813559322034
3 0.3449074074074074 0.4989406779661017 0.03981481481481482 0.9978813559322034