13 0.39278846153846153 0.8717948717948718 0.047115384615384615 0.25384615384615383
11 0.3870192307692308 0.5814102564102565 0.04807692307692308 0.33076923076923076
16 0.5201923076923077 0.882051282051282 0.16923076923076924 0.23333333333333334
15 0.34471153846153846 0.14358974358974358 0.03942307692307692 0.28717948717948716
4 0.4894230769230769 0.735897435897436 0.1576923076923077 0.07179487179487179
9 0.48846153846153845 0.6647435897435897 0.15865384615384615 0.08076923076923077
5 0.48701923076923076 0.5948717948717949 0.15865384615384615 0.0641025641025641
8 0.4831730769230769 0.3096153846153846 0.15865384615384615 0.21153846153846154
1 0.47884615384615387 0.019230769230769232 0.1576923076923077 0.038461538461538464
18 0.5725961538461538 0.10256410256410256 0.0375 0.20512820512820512
12 0.6052884615384615 0.05897435897435897 0.0375 0.11794871794871795
17 0.4846153846153846 0.4493589743589744 0.1576923076923077 0.07435897435897436
6 0.48509615384615384 0.525 0.1596153846153846 0.0858974358974359
2 0.6153846153846154 0.5557692307692308 0.05096153846153846 0.8794871794871795
3 0.6451923076923077 0.49743589743589745 0.05576923076923077 0.9948717948717949
14 0.5759615384615384 0.2717948717948718 0.03365384615384615 0.13974358974358975
10 0.5793269230769231 0.4115384615384615 0.035576923076923075 0.1423076923076923
0 0.5822115384615385 0.5525641025641026 0.03461538461538462 0.14358974358974358
7 0.5841346153846154 0.6961538461538461 0.03461538461538462 0.14615384615384616