13 0.8655536028119508 0.24166666666666667 0.22847100175746923 0.125
11 0.6010544815465729 0.23958333333333334 0.3022847100175747 0.12083333333333333
15 0.19156414762741653 0.12291666666666666 0.28295254833040423 0.1125
16 0.8778558875219684 0.6104166666666667 0.2038664323374341 0.475
4 0.7460456942003515 0.525 0.05975395430579965 0.45416666666666666
9 0.6810193321616872 0.525 0.070298769771529 0.45416666666666666
5 0.6186291739894552 0.525 0.05799648506151142 0.45416666666666666
6 0.554481546572935 0.525 0.07381370826010544 0.45416666666666666
17 0.484182776801406 0.525 0.06678383128295255 0.45416666666666666
8 0.35500878734622143 0.525 0.19332161687170474 0.45416666666666666
1 0.07205623901581722 0.525 0.061511423550087874 0.45416666666666666
7 0.7126537785588752 0.7979166666666667 0.1282952548330404 0.09583333333333334
0 0.5834797891036907 0.8 0.13181019332161686 0.09583333333333334
10 0.45254833040421794 0.8 0.13005272407732865 0.09583333333333334
14 0.3233743409490334 0.8 0.1282952548330404 0.09583333333333334
18 0.15114235500878734 0.8 0.21616871704745166 0.09583333333333334
2 0.5808435852372583 0.8958333333333334 0.7978910369068541 0.09166666666666666
12 0.11159929701230228 0.8958333333333334 0.13884007029876977 0.1
3 0.5114235500878734 0.96875 0.9384885764499121 0.05416666666666667