15 0.798828125 0.6546875 0.03046875 0.24270833333333333
15 0.453515625 0.6677083333333333 0.03203125 0.25
13 0.759765625 0.07447916666666667 0.03828125 0.14895833333333333
11 0.765234375 0.2838541666666667 0.040625 0.27291666666666664
16 0.6546875 0.06354166666666666 0.140625 0.12708333333333333
8 0.687890625 0.5119791666666667 0.1328125 0.18333333333333332
17 0.6859375 0.39166666666666666 0.1328125 0.06041666666666667
6 0.683984375 0.3265625 0.1296875 0.06875
10 0.607421875 0.42239583333333336 0.03046875 0.12291666666666666
14 0.608984375 0.5442708333333334 0.0296875 0.121875
18 0.61015625 0.7026041666666667 0.02890625 0.196875
1 0.687890625 0.7682291666666666 0.1296875 0.06145833333333333
4 0.680078125 0.1515625 0.13125 0.05625
9 0.68125 0.21041666666666667 0.13046875 0.06666666666666667
5 0.68203125 0.2677083333333333 0.13046875 0.05416666666666667
7 0.60234375 0.18177083333333333 0.02890625 0.11875
0 0.6046875 0.3015625 0.03046875 0.12083333333333333
2 0.576171875 0.3385416666666667 0.03984375 0.6770833333333334
3 0.54921875 0.40260416666666665 0.040625 0.8052083333333333
12 0.581640625 0.7380208333333333 0.02734375 0.128125
13 0.419140625 0.0734375 0.03671875 0.146875
11 0.419140625 0.2859375 0.0375 0.28020833333333334
16 0.306640625 0.06197916666666667 0.14609375 0.12395833333333334
4 0.331640625 0.15 0.1375 0.058333333333333334
2 0.221484375 0.3416666666666667 0.03671875 0.6833333333333333
3 0.19453125 0.40625 0.040625 0.8125
1 0.336328125 0.7817708333333333 0.13515625 0.05416666666666667
8 0.33203125 0.5171875 0.13984375 0.18541666666666667
18 0.253515625 0.7098958333333333 0.03515625 0.19895833333333332
12 0.226953125 0.7458333333333333 0.03203125 0.12708333333333333
6 0.331640625 0.3296875 0.13828125 0.06979166666666667
17 0.331640625 0.3953125 0.1375 0.06145833333333333
5 0.330859375 0.2682291666666667 0.1390625 0.053125
9 0.330859375 0.21041666666666667 0.1390625 0.0625
0 0.2484375 0.30364583333333334 0.03203125 0.12395833333333334
7 0.2484375 0.18229166666666666 0.03203125 0.11979166666666667
10 0.2484375 0.4265625 0.03203125 0.12291666666666666
14 0.249609375 0.5489583333333333 0.03125 0.121875