13 0.3909375 0.08305462653288741 0.041875 0.16610925306577481
11 0.393125 0.3701226309921962 0.03875 0.42028985507246375
15 0.34125 0.8333333333333334 0.06875 0.3311036789297659
8 0.4853125 0.7201783723522854 0.149375 0.2853957636566332
18 0.5784375 0.9303232998885173 0.036875 0.13712374581939799
16 0.5071875 0.06075808249721293 0.159375 0.12151616499442586
4 0.4821875 0.1544035674470457 0.143125 0.11036789297658862
2 0.605625 0.49331103678929766 0.04375 0.9866220735785953
7 0.5709375 0.19175027870680045 0.034375 0.20178372352285395
3 0.6415625 0.49944258639910816 0.046875 0.9988851727982163
0 0.5721875 0.3851727982162765 0.035625 0.19620958751393533
10 0.5734375 0.5752508361204013 0.035625 0.19175027870680045
14 0.5746875 0.7664437012263099 0.035625 0.19063545150501673
9 0.4828125 0.24860646599777034 0.143125 0.11928651059085842
5 0.4828125 0.3377926421404682 0.143125 0.09698996655518395
6 0.48375 0.43032329988851725 0.14375 0.11705685618729098
17 0.4840625 0.5284280936454849 0.144375 0.09921962095875139