15 0.631 0.509009009009009 0.162 0.05105105105105105
11 0.383 0.4774774774774775 0.19 0.05405405405405406
13 0.212 0.47597597597597596 0.152 0.05105105105105105
6 0.413 0.3708708708708709 0.046 0.16516516516516516
8 0.53 0.3708708708708709 0.116 0.15915915915915915
1 0.683 0.3708708708708709 0.05 0.15315315315315314
4 0.293 0.36936936936936937 0.038 0.16816816816816818
5 0.373 0.36786786786786785 0.038 0.16516516516516516
17 0.454 0.36786786786786785 0.044 0.16516516516516516
9 0.334 0.3663663663663664 0.044 0.16816816816816818
16 0.206 0.3303303303303303 0.14 0.1921921921921922
18 0.634 0.27627627627627627 0.116 0.042042042042042045
14 0.544 0.2747747747747748 0.072 0.03903903903903904
10 0.47 0.27177177177177175 0.076 0.03903903903903904
0 0.394 0.26876876876876876 0.08 0.03903903903903904
7 0.313 0.2627627627627628 0.078 0.04504504504504504
12 0.654 0.24624624624624625 0.068 0.03003003003003003
2 0.379 0.22822822822822822 0.482 0.06606606606606606
2 0.412 0.19369369369369369 0.548 0.08108108108108109