13 0.7936197916666666 0.2548828125 0.052083333333333336 0.18017578125
11 0.79296875 0.45263671875 0.051432291666666664 0.2177734375
4 0.67578125 0.3525390625 0.18424479166666666 0.05078125
9 0.67578125 0.3994140625 0.18359375 0.0546875
5 0.67578125 0.4443359375 0.18359375 0.0419921875
6 0.67578125 0.4892578125 0.181640625 0.05322265625
17 0.6764322916666666 0.5380859375 0.18098958333333334 0.04638671875
8 0.677734375 0.62841796875 0.181640625 0.1337890625
1 0.6803385416666666 0.82177734375 0.17643229166666666 0.04052734375
18 0.5729166666666666 0.76806640625 0.038411458333333336 0.1474609375
14 0.5703125 0.650390625 0.038411458333333336 0.08837890625
10 0.568359375 0.56103515625 0.038411458333333336 0.08984375
0 0.56640625 0.47119140625 0.037760416666666664 0.08935546875
7 0.5651041666666666 0.38134765625 0.038411458333333336 0.09228515625
16 0.6393229166666666 0.2529296875 0.19661458333333334 0.16455078125
12 0.537109375 0.79541015625 0.038411458333333336 0.09423828125
2 0.529296875 0.46728515625 0.05078125 0.5625
3 0.4928385416666667 0.5146484375 0.053385416666666664 0.65625
15 0.8548177083333334 0.73486328125 0.07552083333333333 0.25732421875