13 0.20625 0.6384615384615384 0.19807692307692307 0.05897435897435897
15 0.7730769230769231 0.6961538461538461 0.23076923076923078 0.05128205128205128
11 0.43028846153846156 0.6416666666666667 0.2528846153846154 0.06025641025641026
16 0.19759615384615384 0.4621794871794872 0.18076923076923077 0.23076923076923078
8 0.6375 0.507051282051282 0.1605769230769231 0.2141025641025641
18 0.8057692307692308 0.3858974358974359 0.1778846153846154 0.04871794871794872
2 0.4466346153846154 0.3314102564102564 0.6711538461538461 0.05897435897435897
1 0.86875 0.5134615384615384 0.051923076923076926 0.20897435897435898
12 0.8384615384615385 0.3416666666666667 0.11538461538461539 0.047435897435897434
4 0.31009615384615385 0.5044871794871795 0.051923076923076926 0.2153846153846154
9 0.36538461538461536 0.5044871794871795 0.0625 0.2153846153846154
5 0.41923076923076924 0.5051282051282051 0.04807692307692308 0.2141025641025641
3 0.5048076923076923 0.28974358974358977 0.7846153846153846 0.0641025641025641
14 0.6653846153846154 0.382051282051282 0.10673076923076923 0.046153846153846156
10 0.5581730769230769 0.3782051282051282 0.10673076923076923 0.052564102564102565
17 0.5317307692307692 0.507051282051282 0.05673076923076923 0.21666666666666667
6 0.47307692307692306 0.5057692307692307 0.06346153846153846 0.2153846153846154
7 0.3418269230769231 0.375 0.10961538461538461 0.046153846153846156
0 0.4514423076923077 0.37564102564102564 0.1076923076923077 0.046153846153846156