15 0.6939814814814815 0.7861111111111111 0.04537037037037037 0.41944444444444445
15 0.6277777777777778 0.8340277777777778 0.04814814814814815 0.32916666666666666
13 0.6055555555555555 0.12013888888888889 0.04814814814814815 0.24027777777777778
11 0.5962962962962963 0.4173611111111111 0.041666666666666664 0.3597222222222222
16 0.49074074074074076 0.10347222222222222 0.15925925925925927 0.20694444444444443
2 0.39675925925925926 0.48541666666666666 0.03796296296296296 0.9708333333333333
3 0.36435185185185187 0.49930555555555556 0.03981481481481482 0.9986111111111111
8 0.5097222222222222 0.7256944444444444 0.13425925925925927 0.25972222222222224
10 0.42916666666666664 0.6111111111111112 0.032407407407407406 0.16805555555555557
7 0.4263888888888889 0.2777777777777778 0.032407407407407406 0.17222222222222222
0 0.4273148148148148 0.44583333333333336 0.03148148148148148 0.1638888888888889
18 0.425462962962963 0.9256944444444445 0.03611111111111111 0.14583333333333334
17 0.5101851851851852 0.5638888888888889 0.13425925925925927 0.09166666666666666
12 0.39351851851851855 0.9798611111111111 0.03518518518518519 0.0375
4 0.512962962962963 0.2388888888888889 0.1398148148148148 0.08472222222222223
9 0.5115740740740741 0.32083333333333336 0.1388888888888889 0.09305555555555556
5 0.5106481481481482 0.3993055555555556 0.13703703703703704 0.07222222222222222
6 0.5097222222222222 0.48055555555555557 0.13425925925925927 0.09305555555555556
14 0.42916666666666664 0.7756944444444445 0.032407407407407406 0.16944444444444445