11 0.37604166666666666 0.6829268292682927 0.04791666666666667 0.624390243902439
15 0.3333333333333333 0.05853658536585366 0.04583333333333333 0.11707317073170732
4 0.484375 0.9585365853658536 0.17291666666666666 0.07317073170731707
9 0.484375 0.8512195121951219 0.17083333333333334 0.14634146341463414
5 0.484375 0.7219512195121951 0.16875 0.12195121951219512
6 0.484375 0.5853658536585366 0.17083333333333334 0.15609756097560976
17 0.484375 0.44390243902439025 0.17291666666666666 0.14146341463414633
8 0.484375 0.1878048780487805 0.17291666666666666 0.375609756097561
7 0.5875 0.8853658536585366 0.0375 0.21951219512195122
0 0.5864583333333333 0.6439024390243903 0.0375 0.2682926829268293
10 0.5885416666666666 0.37317073170731707 0.0375 0.2731707317073171
14 0.5895833333333333 0.12195121951219512 0.0375 0.24390243902439024
2 0.6229166666666667 0.4975609756097561 0.0375 0.9951219512195122
3 0.659375 0.4975609756097561 0.03958333333333333 0.9951219512195122