13 0.19166666666666668 0.38125 0.22592592592592592 0.0875
11 0.4527777777777778 0.3796875 0.29444444444444445 0.084375
15 0.8425925925925926 0.3140625 0.25555555555555554 0.08125
16 0.1814814814814815 0.6375 0.2 0.33125
4 0.3101851851851852 0.578125 0.06111111111111111 0.3125
9 0.375 0.578125 0.07037037037037037 0.3125
5 0.4361111111111111 0.578125 0.05555555555555555 0.3125
6 0.49907407407407406 0.578125 0.06851851851851852 0.3125
17 0.5657407407407408 0.5765625 0.06481481481481481 0.3125
1 0.9546296296296296 0.5875 0.05555555555555555 0.3125
7 0.3453703703703704 0.76875 0.12777777777777777 0.075
0 0.47129629629629627 0.7703125 0.12222222222222222 0.06875
10 0.5953703703703703 0.76875 0.1259259259259259 0.071875
14 0.7175925925925926 0.76875 0.12037037037037036 0.071875
18 0.8777777777777778 0.771875 0.2037037037037037 0.071875
2 0.4703703703703704 0.8375 0.7666666666666667 0.0625
12 0.9157407407407407 0.8375 0.12777777777777777 0.0625
3 0.5342592592592592 0.9 0.8870370370370371 0.0625
8 0.6907407407407408 0.578125 0.18333333333333332 0.315625