11 0.6304106548279689 0.68875 0.048834628190899 0.6175
15 0.6870144284128746 0.12625 0.06881243063263041 0.2525
4 0.5188679245283019 0.96375 0.17647058823529413 0.0675
9 0.5188679245283019 0.85875 0.17647058823529413 0.1475
5 0.5183129855715871 0.7275 0.17758046614872364 0.1175
6 0.5194228634850167 0.59375 0.17647058823529413 0.155
17 0.5194228634850167 0.44875 0.1753607103218646 0.1425
8 0.5199778024417314 0.19125 0.17647058823529413 0.3825
7 0.4123196448390677 0.89 0.041065482796892344 0.215
0 0.4123196448390677 0.65 0.038845726970033294 0.2725
10 0.41287458379578246 0.37875 0.03773584905660377 0.2775
14 0.41453940066592676 0.12125 0.038845726970033294 0.2425
2 0.3751387347391787 0.49875 0.03995560488346282 0.9975
3 0.3379578246392897 0.49875 0.038845726970033294 0.9975