13 0.219375 0.3049052396878484 0.18625 0.07357859531772576
11 0.4271875 0.3093645484949833 0.235625 0.06911928651059086
15 0.75 0.21683389074693424 0.311875 0.12151616499442586
1 0.8578125 0.4698996655518395 0.061875 0.27647714604236345
8 0.6234375 0.4738015607580825 0.16 0.26644370122630995
18 0.7978125 0.6393534002229655 0.19 0.06465997770345597
16 0.1928125 0.512263099219621 0.18875 0.2831661092530658
4 0.30625 0.4682274247491639 0.061875 0.2552954292084727
2 0.4321875 0.6884057971014492 0.68 0.07692307692307693
7 0.3271875 0.6265328874024526 0.113125 0.06131549609810479
3 0.4915625 0.7519509476031215 0.805 0.08249721293199554
12 0.8325 0.697324414715719 0.121875 0.059085841694537344
0 0.435625 0.6287625418060201 0.11 0.06354515050167224
10 0.5421875 0.6309921962095875 0.1075 0.06354515050167224
14 0.649375 0.633221850613155 0.106875 0.06354515050167224
9 0.3590625 0.4693422519509476 0.066875 0.2552954292084727
5 0.4090625 0.4693422519509476 0.054375 0.2552954292084727
6 0.4609375 0.47101449275362317 0.065625 0.2564102564102564
17 0.5159375 0.47157190635451507 0.055625 0.25752508361204013