13 0.1031031031031031 0.33293838862559244 0.2002002002002002 0.13270142180094788
11 0.3483483483483483 0.33293838862559244 0.2902902902902903 0.13270142180094788
15 0.7867867867867868 0.18246445497630331 0.1971971971971972 0.13270142180094788
16 0.0940940940940941 0.6587677725118484 0.18018018018018017 0.3744075829383886
4 0.20770770770770772 0.5687203791469194 0.05305305305305305 0.33649289099526064
9 0.2577577577577578 0.5687203791469194 0.05105105105105105 0.33649289099526064
5 0.3183183183183183 0.5675355450236966 0.07007007007007007 0.33886255924170616
6 0.3883883883883884 0.5687203791469194 0.07107107107107107 0.3412322274881517
17 0.45795795795795796 0.566350710900474 0.07007007007007007 0.33886255924170616
8 0.6091091091091091 0.566350710900474 0.23223223223223224 0.33886255924170616
1 0.9654654654654654 0.566350710900474 0.06406406406406406 0.33649289099526064
7 0.23423423423423423 0.7902843601895735 0.1021021021021021 0.11137440758293839
0 0.3538538538538539 0.7902843601895735 0.14014014014014015 0.11137440758293839
10 0.5035035035035035 0.7902843601895735 0.16116116116116116 0.10900473933649289
14 0.6531531531531531 0.7902843601895735 0.14314314314314314 0.11611374407582939
18 0.8613613613613613 0.7890995260663507 0.2752752752752753 0.11374407582938388
2 0.4189189189189189 0.8803317535545023 0.8318318318318318 0.07819905213270142
12 0.9159159159159159 0.8815165876777251 0.16616616616616617 0.07582938388625593
3 0.501001001001001 0.9514218009478673 0.995995995995996 0.07345971563981042