16 0.5041666666666667 0.18072916666666666 0.2569444444444444 0.20625
13 0.31527777777777777 0.19947916666666668 0.06111111111111111 0.21770833333333334
11 0.3104166666666667 0.4432291666666667 0.059722222222222225 0.26979166666666665
15 0.2361111111111111 0.7895833333333333 0.0875 0.32083333333333336
4 0.45555555555555555 0.31197916666666664 0.23055555555555557 0.058333333333333334
9 0.4534722222222222 0.37447916666666664 0.23055555555555557 0.06770833333333333
7 0.59375 0.3458333333333333 0.05694444444444444 0.12604166666666666
0 0.5881944444444445 0.46927083333333336 0.05694444444444444 0.121875
10 0.5826388888888889 0.590625 0.05416666666666667 0.12604166666666666
18 0.5708333333333333 0.8619791666666666 0.05694444444444444 0.196875
14 0.5777777777777777 0.7104166666666667 0.05277777777777778 0.12083333333333333
12 0.6166666666666667 0.9036458333333334 0.05277777777777778 0.128125
1 0.43472222222222223 0.9161458333333333 0.21805555555555556 0.07604166666666666
8 0.44513888888888886 0.6723958333333333 0.2263888888888889 0.18541666666666667
17 0.4479166666666667 0.5546875 0.2222222222222222 0.06875
6 0.45069444444444445 0.49114583333333334 0.225 0.07291666666666667
5 0.4527777777777778 0.434375 0.22777777777777777 0.057291666666666664
2 0.6409722222222223 0.46041666666666664 0.09027777777777778 0.771875
3 0.6895833333333333 0.5234375 0.10138888888888889 0.9052083333333333