13 0.26171875 0.096875 0.0578125 0.19375
15 0.19296875 0.8489583333333334 0.0765625 0.29791666666666666
11 0.25625 0.4041666666666667 0.0578125 0.43333333333333335
3 0.58671875 0.49895833333333334 0.1046875 0.9979166666666667
2 0.54296875 0.49895833333333334 0.1015625 0.9979166666666667
16 0.4296875 0.08229166666666667 0.23125 0.16458333333333333
8 0.3734375 0.7666666666666667 0.2 0.2916666666666667
4 0.3859375 0.20208333333333334 0.20625 0.1
9 0.38359375 0.3 0.2046875 0.11666666666666667
5 0.38125 0.390625 0.2015625 0.09583333333333334
6 0.3796875 0.4875 0.2 0.125
17 0.37734375 0.584375 0.2015625 0.11458333333333333
7 0.50703125 0.259375 0.0484375 0.2
0 0.50234375 0.4552083333333333 0.046875 0.19375
18 0.47890625 0.9541666666666667 0.0515625 0.0875
10 0.49453125 0.6458333333333334 0.0484375 0.19375
14 0.48671875 0.8270833333333333 0.0484375 0.18333333333333332