13 0.783203125 0.8782552083333334 0.04296875 0.24088541666666666
11 0.79248046875 0.59765625 0.0458984375 0.3229166666666667
16 0.6708984375 0.8919270833333334 0.154296875 0.21354166666666666
4 0.7001953125 0.7552083333333334 0.140625 0.07161458333333333
9 0.703125 0.6842447916666666 0.140625 0.078125
5 0.705078125 0.6158854166666666 0.1416015625 0.06380208333333333
6 0.70751953125 0.5436197916666666 0.1416015625 0.08203125
17 0.7099609375 0.4674479166666667 0.1416015625 0.07942708333333333
8 0.71484375 0.3216145833333333 0.1455078125 0.22526041666666666
1 0.72607421875 0.02734375 0.1435546875 0.0546875
15 0.84619140625 0.18489583333333334 0.0576171875 0.3697916666666667
7 0.6171875 0.71875 0.0361328125 0.1484375
0 0.62158203125 0.5735677083333334 0.033203125 0.14453125
10 0.6279296875 0.427734375 0.03515625 0.15234375
14 0.63232421875 0.279296875 0.0341796875 0.14973958333333334
18 0.63818359375 0.10481770833333333 0.0400390625 0.20963541666666666
12 0.6083984375 0.057291666666666664 0.0390625 0.11458333333333333
2 0.59130859375 0.552734375 0.0615234375 0.8919270833333334
3 0.5625 0.4993489583333333 0.06640625 0.9986979166666666
13 0.427734375 0.8834635416666666 0.04296875 0.23046875
11 0.42236328125 0.59765625 0.044921875 0.3450520833333333
15 0.466796875 0.17578125 0.05859375 0.3515625
16 0.30029296875 0.8984375 0.1669921875 0.20052083333333334
4 0.32763671875 0.7643229166666666 0.1533203125 0.07161458333333333
8 0.3232421875 0.32421875 0.1552734375 0.21744791666666666
1 0.32177734375 0.021484375 0.1552734375 0.04296875
17 0.3251953125 0.46484375 0.154296875 0.07552083333333333
6 0.32421875 0.544921875 0.1552734375 0.08463541666666667
5 0.326171875 0.619140625 0.1552734375 0.06640625
9 0.3271484375 0.6907552083333334 0.1552734375 0.08072916666666667
2 0.20166015625 0.5618489583333334 0.0380859375 0.8736979166666666
7 0.23291015625 0.7252604166666666 0.033203125 0.15234375
0 0.23193359375 0.5794270833333334 0.0341796875 0.14973958333333334
18 0.2294921875 0.11002604166666667 0.037109375 0.22005208333333334
10 0.23193359375 0.435546875 0.0341796875 0.14583333333333334
14 0.23046875 0.2903645833333333 0.0341796875 0.14583333333333334
12 0.1962890625 0.06510416666666667 0.03515625 0.13020833333333334
3 0.166015625 0.4993489583333333 0.0390625 0.9986979166666666