13 0.8190104166666666 0.783203125 0.22330729166666666 0.048828125
11 0.5729166666666666 0.77197265625 0.267578125 0.04443359375
15 0.22200520833333334 0.80419921875 0.3248697916666667 0.048828125
4 0.701171875 0.693359375 0.055989583333333336 0.13330078125
9 0.642578125 0.69091796875 0.0625 0.1318359375
5 0.5865885416666666 0.68896484375 0.048828125 0.12890625
6 0.5299479166666666 0.68798828125 0.064453125 0.12744140625
17 0.4694010416666667 0.6875 0.05859375 0.12646484375
14 0.3561197916666667 0.68701171875 0.169921875 0.125
1 0.10611979166666667 0.68603515625 0.056640625 0.1220703125
16 0.8274739583333334 0.67431640625 0.201171875 0.1474609375
7 0.6692708333333334 0.61328125 0.11588541666666667 0.02880859375
0 0.5546875 0.611328125 0.11197916666666667 0.0263671875
10 0.4420572916666667 0.61083984375 0.11393229166666667 0.02587890625
14 0.3287760416666667 0.61083984375 0.11328125 0.0263671875
18 0.17447916666666666 0.611328125 0.19466145833333334 0.0263671875
2 0.5625 0.587890625 0.72265625 0.03125
12 0.138671875 0.58544921875 0.12565104166666666 0.02685546875
3 0.4986979166666667 0.560546875 0.845703125 0.02880859375