16 0.49583333333333335 0.18072916666666666 0.2569444444444444 0.20625
13 0.6847222222222222 0.19947916666666668 0.06111111111111111 0.21770833333333334
11 0.6895833333333333 0.4432291666666667 0.059722222222222225 0.26979166666666665
15 0.7638888888888888 0.7895833333333333 0.0875 0.32083333333333336
4 0.5444444444444444 0.31197916666666664 0.23055555555555557 0.058333333333333334
9 0.5465277777777777 0.37447916666666664 0.23055555555555557 0.06770833333333333
7 0.40625 0.3458333333333333 0.05694444444444444 0.12604166666666666
0 0.41180555555555554 0.46927083333333336 0.05694444444444444 0.121875
10 0.4173611111111111 0.590625 0.05416666666666667 0.12604166666666666
18 0.42916666666666664 0.8619791666666666 0.05694444444444444 0.196875
14 0.4222222222222222 0.7104166666666667 0.05277777777777778 0.12083333333333333
12 0.38333333333333336 0.9036458333333334 0.05277777777777778 0.128125
1 0.5652777777777778 0.9161458333333333 0.21805555555555556 0.07604166666666666
8 0.5548611111111111 0.6723958333333333 0.225 0.18541666666666667
17 0.5520833333333334 0.5546875 0.2222222222222222 0.06875
6 0.5493055555555556 0.49114583333333334 0.225 0.07291666666666667
5 0.5472222222222223 0.434375 0.22777777777777777 0.057291666666666664
2 0.3590277777777778 0.46041666666666664 0.09027777777777778 0.771875
3 0.3104166666666667 0.5234375 0.10138888888888889 0.9052083333333333