13 0.815 0.7924901185770751 0.20333333333333334 0.11067193675889328
16 0.8291666666666667 0.4624505928853755 0.18333333333333332 0.4268774703557312
8 0.35583333333333333 0.5395256916996047 0.17833333333333334 0.4150197628458498
4 0.7083333333333334 0.5395256916996047 0.055 0.40711462450592883
9 0.65 0.5375494071146245 0.06333333333333334 0.40711462450592883
5 0.595 0.5395256916996047 0.051666666666666666 0.40711462450592883
6 0.5366666666666666 0.5395256916996047 0.06666666666666667 0.40711462450592883
17 0.4741666666666667 0.5395256916996047 0.06 0.40711462450592883
11 0.5783333333333334 0.7984189723320159 0.27166666666666667 0.11067193675889328
2 0.5583333333333333 0.2075098814229249 0.7216666666666667 0.08300395256916997
3 0.49583333333333335 0.12055335968379446 0.8483333333333334 0.09090909090909091
1 0.09916666666666667 0.5395256916996047 0.056666666666666664 0.4150197628458498
18 0.17083333333333334 0.2924901185770751 0.19833333333333333 0.08695652173913043
7 0.6783333333333333 0.2924901185770751 0.11833333333333333 0.08695652173913043
0 0.5616666666666666 0.2924901185770751 0.11666666666666667 0.08695652173913043
10 0.445 0.2924901185770751 0.11833333333333333 0.08695652173913043
14 0.3275 0.2924901185770751 0.11666666666666667 0.08695652173913043
12 0.135 0.2075098814229249 0.12666666666666668 0.08695652173913043
15 0.21666666666666667 0.9090909090909091 0.235 0.11462450592885376