13 0.44555555555555554 0.909217877094972 0.05555555555555555 0.17597765363128492
11 0.4411111111111111 0.6298882681564246 0.051111111111111114 0.3854748603351955
15 0.3933333333333333 0.14106145251396648 0.04888888888888889 0.28212290502793297
16 0.6022222222222222 0.9189944134078212 0.2088888888888889 0.1564245810055866
4 0.5655555555555556 0.8086592178770949 0.19555555555555557 0.08100558659217877
9 0.5655555555555556 0.7248603351955307 0.19555555555555557 0.09776536312849161
5 0.5655555555555556 0.6452513966480447 0.19555555555555557 0.0782122905027933
6 0.5655555555555556 0.5628491620111732 0.19777777777777777 0.09497206703910614
17 0.5655555555555556 0.4720670391061452 0.19777777777777777 0.09497206703910614
8 0.5655555555555556 0.308659217877095 0.19555555555555557 0.2569832402234637
7 0.6844444444444444 0.7597765363128491 0.044444444444444446 0.17039106145251395
0 0.6833333333333333 0.5949720670391061 0.04 0.16201117318435754
10 0.6855555555555556 0.42877094972067037 0.042222222222222223 0.17039106145251395
14 0.6844444444444444 0.26256983240223464 0.044444444444444446 0.164804469273743
18 0.6855555555555556 0.09078212290502793 0.04666666666666667 0.18156424581005587
2 0.7277777777777777 0.5363128491620112 0.04666666666666667 0.9217877094972067
12 0.7277777777777777 0.03910614525139665 0.04666666666666667 0.0782122905027933
3 0.7688888888888888 0.49860335195530725 0.04888888888888889 0.9972067039106145