13 0.7 0.8308823529411765 0.09032258064516129 0.3284313725490196
11 0.6725806451612903 0.4338235294117647 0.0967741935483871 0.46568627450980393
16 0.49032258064516127 0.8431372549019608 0.2967741935483871 0.30392156862745096
7 0.38870967741935486 0.571078431372549 0.05806451612903226 0.24509803921568626
5 0.5290322580645161 0.42892156862745096 0.22580645161290322 0.10784313725490197
8 0.5290322580645161 0.10294117647058823 0.2129032258064516 0.20588235294117646
9 0.535483870967742 0.5294117647058824 0.23870967741935484 0.14215686274509803
0 0.3919354838709677 0.36764705882352944 0.05161290322580645 0.18137254901960784
10 0.4 0.17401960784313725 0.054838709677419356 0.22058823529411764
14 0.4064516129032258 0.03431372549019608 0.05161290322580645 0.06862745098039216
2 0.3403225806451613 0.49754901960784315 0.11290322580645161 0.9950980392156863
4 0.5403225806451613 0.6446078431372549 0.24838709677419354 0.1323529411764706
3 0.29193548387096774 0.49754901960784315 0.13225806451612904 0.9950980392156863
6 0.5274193548387097 0.34068627450980393 0.21935483870967742 0.11764705882352941
17 0.5241935483870968 0.2426470588235294 0.2161290322580645 0.1323529411764706