15 0.69921875 0.8291666666666667 0.0984375 0.3375
13 0.60859375 0.0875 0.0671875 0.175
11 0.615625 0.3770833333333333 0.065625 0.4083333333333333
8 0.4875 0.7166666666666667 0.221875 0.2708333333333333
16 0.43359375 0.07083333333333333 0.2328125 0.14166666666666666
7 0.3453125 0.22708333333333333 0.05 0.17916666666666667
5 0.47890625 0.3541666666666667 0.215625 0.07916666666666666
6 0.48125 0.44166666666666665 0.215625 0.10416666666666667
10 0.35234375 0.5833333333333334 0.05 0.18541666666666667
17 0.48125 0.5375 0.21875 0.09375
9 0.47734375 0.26875 0.215625 0.09583333333333334
4 0.47578125 0.18020833333333333 0.2171875 0.08333333333333333
18 0.3609375 0.9239583333333333 0.053125 0.14791666666666667
14 0.35390625 0.7635416666666667 0.0484375 0.18333333333333332
2 0.30234375 0.484375 0.0703125 0.96875
3 0.2578125 0.49895833333333334 0.06875 0.9979166666666667
0 0.3484375 0.40520833333333334 0.0484375 0.17708333333333334