11 0.425 0.7023809523809523 0.07 0.5857142857142857
4 0.539 0.9476190476190476 0.166 0.09523809523809523
9 0.533 0.85 0.164 0.18095238095238095
5 0.528 0.7238095238095238 0.162 0.14761904761904762
6 0.522 0.5976190476190476 0.164 0.18571428571428572
8 0.504 0.20952380952380953 0.176 0.41904761904761906
17 0.516 0.4595238095238095 0.164 0.1619047619047619
7 0.631 0.8714285714285714 0.046 0.24761904761904763
0 0.62 0.6285714285714286 0.046 0.26666666666666666
10 0.607 0.37142857142857144 0.046 0.26666666666666666
14 0.597 0.12380952380952381 0.046 0.24761904761904763
2 0.652 0.4976190476190476 0.104 0.9952380952380953
3 0.665 0.4976190476190476 0.09 0.9952380952380953
15 0.351 0.09523809523809523 0.062 0.19047619047619047