13 0.24444444444444444 0.09583333333333334 0.05185185185185185 0.19166666666666668
11 0.2462962962962963 0.3875 0.05185185185185185 0.3972222222222222
15 0.2064814814814815 0.8763888888888889 0.05 0.24166666666666667
16 0.38055555555555554 0.0763888888888889 0.18333333333333332 0.1527777777777778
4 0.3509259259259259 0.18888888888888888 0.16666666666666666 0.08888888888888889
9 0.35185185185185186 0.275 0.16666666666666666 0.1
5 0.3537037037037037 0.3611111111111111 0.16666666666666666 0.07777777777777778
6 0.3537037037037037 0.44722222222222224 0.16666666666666666 0.10833333333333334
17 0.3527777777777778 0.5388888888888889 0.1685185185185185 0.09166666666666666
8 0.3472222222222222 0.7208333333333333 0.17222222222222222 0.2722222222222222
7 0.4537037037037037 0.23055555555555557 0.037037037037037035 0.18055555555555555
0 0.4546296296296296 0.40555555555555556 0.037037037037037035 0.18055555555555555
10 0.4527777777777778 0.5819444444444445 0.040740740740740744 0.17222222222222222
14 0.44814814814814813 0.7625 0.03888888888888889 0.19166666666666668
18 0.4537037037037037 0.9263888888888889 0.04814814814814815 0.14166666666666666
2 0.487962962962963 0.5388888888888889 0.044444444444444446 0.8638888888888889
3 0.5305555555555556 0.6402777777777777 0.046296296296296294 0.7138888888888889
18 0.6231481481481481 0.9458333333333333 0.06111111111111111 0.10277777777777777
14 0.6083333333333333 0.8 0.044444444444444446 0.19444444444444445
10 0.6037037037037037 0.6152777777777778 0.03518518518518519 0.18055555555555555
0 0.6 0.4361111111111111 0.02962962962962963 0.18333333333333332
7 0.5944444444444444 0.2388888888888889 0.020370370370370372 0.2222222222222222
2 0.6370370370370371 0.5152777777777777 0.08888888888888889 0.9638888888888889
3 0.6796296296296296 0.4986111111111111 0.10740740740740741 0.9972222222222222
2 0.7731481481481481 0.4986111111111111 0.12037037037037036 0.9972222222222222
3 0.7972222222222223 0.3333333333333333 0.07222222222222222 0.6666666666666666
18 0.812962962962963 0.9263888888888889 0.040740740740740744 0.14166666666666666
14 0.7907407407407407 0.7611111111111111 0.03333333333333333 0.2
10 0.7712962962962963 0.5708333333333333 0.03148148148148148 0.18611111111111112
7 0.7398148148148148 0.20277777777777778 0.024074074074074074 0.18888888888888888
0 0.7555555555555555 0.3875 0.027777777777777776 0.18888888888888888