15 0.22 0.959375 0.345 0.0525
15 0.21916666666666668 0.62875 0.3416666666666667 0.05125
15 0.22333333333333333 0.305 0.3466666666666667 0.0475
11 0.5883333333333334 0.916875 0.275 0.035
11 0.5866666666666667 0.586875 0.2733333333333333 0.035
11 0.5866666666666667 0.264375 0.275 0.03375
13 0.8308333333333333 0.916875 0.21166666666666667 0.035
13 0.8266666666666667 0.586875 0.20833333333333334 0.03625
13 0.8233333333333334 0.2625 0.19833333333333333 0.03375
2 0.565 0.083125 0.7116666666666667 0.03375
2 0.5658333333333333 0.400625 0.7166666666666667 0.0275
2 0.57 0.726875 0.7283333333333334 0.0275
3 0.505 0.058125 0.8316666666666667 0.03625
3 0.505 0.37375 0.84 0.02875
3 0.5075 0.700625 0.8516666666666667 0.02875
16 0.84 0.809375 0.19 0.13875
16 0.8358333333333333 0.48125 0.185 0.13625
16 0.83 0.160625 0.18666666666666668 0.13375
4 0.7183333333333334 0.833125 0.056666666666666664 0.1325
9 0.6591666666666667 0.833125 0.06333333333333334 0.13125
8 0.3641666666666667 0.8325 0.175 0.13125
8 0.3641666666666667 0.505 0.175 0.12875
8 0.365 0.1875 0.17166666666666666 0.125
9 0.6583333333333333 0.505 0.06666666666666667 0.13
4 0.7158333333333333 0.505 0.056666666666666664 0.13
9 0.6525 0.185 0.06333333333333334 0.12375
4 0.71 0.184375 0.056666666666666664 0.12625
5 0.6025 0.83375 0.05 0.13125
5 0.6008333333333333 0.505 0.051666666666666666 0.13
5 0.5991666666666666 0.185625 0.051666666666666666 0.125
6 0.5441666666666667 0.83375 0.06833333333333333 0.13125
6 0.5433333333333333 0.505 0.06833333333333333 0.13
6 0.54 0.18625 0.06666666666666667 0.125
17 0.48 0.186875 0.058333333333333334 0.125
17 0.48083333333333333 0.505 0.06 0.12875
17 0.48083333333333333 0.833125 0.06166666666666667 0.13125
1 0.10916666666666666 0.83375 0.055 0.12875
1 0.11083333333333334 0.50625 0.055 0.12875
1 0.11583333333333333 0.19 0.055 0.125
18 0.185 0.11375 0.19 0.02625
18 0.18083333333333335 0.42875 0.195 0.0275
18 0.17916666666666667 0.755 0.19666666666666666 0.02875
12 0.14333333333333334 0.72875 0.12666666666666668 0.0275
12 0.14583333333333334 0.401875 0.125 0.0275
12 0.14916666666666667 0.088125 0.12 0.0275
7 0.6791666666666667 0.109375 0.115 0.0275
7 0.6841666666666667 0.4275 0.11666666666666667 0.02625
7 0.6875 0.754375 0.12 0.02625
0 0.57 0.754375 0.11833333333333333 0.0275
0 0.5675 0.4275 0.11833333333333333 0.0275
0 0.5633333333333334 0.11 0.115 0.0275
10 0.45 0.11125 0.115 0.0275
10 0.4508333333333333 0.4275 0.11666666666666667 0.0275
10 0.4525 0.754375 0.11833333333333333 0.0275
14 0.3358333333333333 0.75375 0.11666666666666667 0.0275
14 0.335 0.4275 0.115 0.02625
14 0.335 0.1125 0.11166666666666666 0.02625