15 0.220703125 0.11403508771929824 0.330078125 0.14473684210526316
2 0.5556640625 0.7828947368421053 0.705078125 0.09210526315789473
3 0.49609375 0.8552631578947368 0.82421875 0.09649122807017543
12 0.14453125 0.7697368421052632 0.119140625 0.08333333333333333
7 0.669921875 0.7039473684210527 0.11328125 0.07894736842105263
0 0.5556640625 0.7017543859649122 0.115234375 0.07894736842105263
10 0.4404296875 0.7017543859649122 0.115234375 0.08333333333333333
14 0.328125 0.6973684210526315 0.109375 0.08333333333333333
18 0.1787109375 0.6951754385964912 0.189453125 0.08333333333333333
4 0.701171875 0.4758771929824561 0.052734375 0.37280701754385964
9 0.6435546875 0.4758771929824561 0.0625 0.37280701754385964
5 0.5888671875 0.4780701754385965 0.05078125 0.37280701754385964
6 0.5322265625 0.4758771929824561 0.068359375 0.37280701754385964
17 0.470703125 0.47368421052631576 0.060546875 0.37280701754385964
8 0.3583984375 0.47149122807017546 0.169921875 0.37719298245614036
1 0.111328125 0.4649122807017544 0.0546875 0.37280701754385964
11 0.57421875 0.2412280701754386 0.263671875 0.09649122807017543
13 0.8076171875 0.24342105263157895 0.205078125 0.10087719298245613
16 0.818359375 0.5504385964912281 0.181640625 0.39473684210526316