15 0.22272727272727272 0.8922413793103449 0.24727272727272728 0.09913793103448276
1 0.11727272727272728 0.5344827586206896 0.05454545454545454 0.4051724137931034
8 0.3690909090909091 0.5344827586206896 0.17272727272727273 0.40948275862068967
18 0.18727272727272729 0.28879310344827586 0.19454545454545455 0.08620689655172414
12 0.15272727272727274 0.2025862068965517 0.12363636363636364 0.08620689655172414
11 0.5890909090909091 0.790948275862069 0.2690909090909091 0.10344827586206896
13 0.8254545454545454 0.7931034482758621 0.20363636363636364 0.10775862068965517
4 0.7181818181818181 0.5366379310344828 0.056363636363636366 0.40948275862068967
16 0.8372727272727273 0.46336206896551724 0.18181818181818182 0.4267241379310345
9 0.6609090909090909 0.5344827586206896 0.06363636363636363 0.4051724137931034
17 0.48454545454545456 0.5344827586206896 0.06181818181818182 0.40948275862068967
6 0.5472727272727272 0.5344827586206896 0.06727272727272728 0.40948275862068967
5 0.6045454545454545 0.5344827586206896 0.04909090909090909 0.40948275862068967
14 0.3409090909090909 0.28879310344827586 0.11818181818181818 0.08189655172413793
10 0.45636363636363636 0.28879310344827586 0.11636363636363636 0.08189655172413793
0 0.5727272727272728 0.29094827586206895 0.11454545454545455 0.08189655172413793
7 0.6890909090909091 0.28879310344827586 0.11818181818181818 0.08620689655172414
2 0.5718181818181818 0.20474137931034483 0.7163636363636363 0.08189655172413793
3 0.509090909090909 0.1206896551724138 0.8381818181818181 0.09051724137931035