13 0.8411458333333334 0.287109375 0.21419270833333334 0.03564453125
11 0.5930989583333334 0.287109375 0.2819010416666667 0.0361328125
15 0.21809895833333334 0.240234375 0.34765625 0.05712890625
4 0.7259114583333334 0.37158203125 0.059895833333333336 0.1337890625
9 0.6653645833333334 0.3720703125 0.06770833333333333 0.1337890625
5 0.6067708333333334 0.3720703125 0.053385416666666664 0.13330078125
6 0.5475260416666666 0.37158203125 0.06901041666666667 0.13330078125
17 0.4830729166666667 0.37158203125 0.061848958333333336 0.1337890625
8 0.3626302083333333 0.37109375 0.17903645833333334 0.134765625
1 0.10026041666666667 0.3701171875 0.056640625 0.13330078125
7 0.69140625 0.4521484375 0.12174479166666667 0.0283203125
0 0.5716145833333334 0.45263671875 0.11848958333333333 0.02783203125
10 0.453125 0.4521484375 0.11848958333333333 0.02734375
14 0.3346354166666667 0.45166015625 0.11848958333333333 0.02783203125
18 0.17447916666666666 0.451171875 0.201171875 0.02783203125
12 0.138671875 0.47900390625 0.12760416666666666 0.02685546875
2 0.5735677083333334 0.4794921875 0.7408854166666666 0.02880859375
16 0.8489583333333334 0.39599609375 0.19466145833333334 0.14111328125
3 0.509765625 0.50732421875 0.8671875 0.02978515625