11 0.6311111111111111 0.3137755102040816 0.044444444444444446 0.6224489795918368
15 0.6788888888888889 0.9285714285714286 0.04666666666666667 0.1326530612244898
4 0.5222222222222223 0.04081632653061224 0.17777777777777778 0.08163265306122448
9 0.5222222222222223 0.14540816326530612 0.17333333333333334 0.14795918367346939
5 0.5222222222222223 0.2755102040816326 0.17555555555555555 0.11734693877551021
6 0.5222222222222223 0.40816326530612246 0.17333333333333334 0.15306122448979592
17 0.5222222222222223 0.5510204081632653 0.17333333333333334 0.1377551020408163
8 0.5233333333333333 0.8061224489795918 0.17555555555555555 0.37755102040816324
7 0.4177777777777778 0.11224489795918367 0.04 0.22448979591836735
0 0.4166666666666667 0.35459183673469385 0.03777777777777778 0.27040816326530615
10 0.41888888888888887 0.6198979591836735 0.03777777777777778 0.27040816326530615
14 0.42 0.875 0.04 0.23979591836734693
2 0.38333333333333336 0.49744897959183676 0.042222222222222223 0.9948979591836735
3 0.34444444444444444 0.49744897959183676 0.04 0.9948979591836735