13 0.764 0.18533333333333332 0.034 0.224
11 0.76 0.436 0.032 0.2826666666666667
15 0.791 0.8186666666666667 0.044 0.36
4 0.691 0.2946666666666667 0.112 0.06933333333333333
9 0.69 0.3586666666666667 0.114 0.072
5 0.689 0.42133333333333334 0.114 0.056
6 0.689 0.48533333333333334 0.114 0.07466666666666667
17 0.687 0.5533333333333333 0.114 0.06933333333333333
8 0.686 0.6773333333333333 0.116 0.2
1 0.687 0.9413333333333334 0.116 0.09066666666666667
7 0.623 0.3253333333333333 0.028 0.13333333333333333
0 0.62 0.45866666666666667 0.028 0.13333333333333333
10 0.618 0.5893333333333334 0.026 0.13333333333333333
14 0.616 0.7186666666666667 0.028 0.13066666666666665
18 0.615 0.8866666666666667 0.028 0.22133333333333333
2 0.596 0.45066666666666666 0.04 0.832
12 0.591 0.928 0.03 0.13866666666666666
3 0.571 0.512 0.042 0.9706666666666667
13 0.452 0.13733333333333334 0.046 0.272
11 0.449 0.44133333333333336 0.044 0.3413333333333333
15 0.496 0.8373333333333334 0.052 0.32
16 0.319 0.12133333333333333 0.182 0.24266666666666667
4 0.349 0.27066666666666667 0.164 0.08
9 0.348 0.348 0.164 0.088
5 0.348 0.424 0.162 0.064
6 0.348 0.49866666666666665 0.164 0.09066666666666667
17 0.348 0.5813333333333334 0.164 0.09066666666666667
8 0.348 0.732 0.162 0.24266666666666667
7 0.248 0.308 0.038 0.16266666666666665
0 0.248 0.468 0.038 0.15733333333333333
10 0.249 0.6253333333333333 0.036 0.16
14 0.25 0.7786666666666666 0.038 0.15733333333333333
18 0.253 0.9253333333333333 0.042 0.144
2 0.209 0.48133333333333334 0.046 0.9626666666666667
12 0.217 0.9746666666666667 0.042 0.04533333333333334
3 0.174 0.49866666666666665 0.052 0.9973333333333333
16 0.673 0.156 0.124 0.22666666666666666