11 0.382 0.6659090909090909 0.046 0.6045454545454545
15 0.342 0.05909090909090909 0.044 0.11818181818181818
4 0.489 0.9454545454545454 0.17 0.1
9 0.489 0.8295454545454546 0.168 0.1409090909090909
5 0.489 0.7022727272727273 0.168 0.11363636363636363
6 0.489 0.5727272727272728 0.168 0.15
17 0.49 0.42954545454545456 0.168 0.1409090909090909
8 0.49 0.18636363636363637 0.172 0.37272727272727274
7 0.592 0.875 0.04 0.2409090909090909
0 0.592 0.6318181818181818 0.038 0.2590909090909091
10 0.593 0.3704545454545455 0.038 0.2636363636363636
14 0.594 0.12272727272727273 0.04 0.24545454545454545
2 0.628 0.49772727272727274 0.04 0.9954545454545455
3 0.663 0.49772727272727274 0.042 0.9954545454545455