15 0.671875 0.875 0.06640625 0.2412280701754386
2 0.375 0.49780701754385964 0.04296875 0.9956140350877193
3 0.3427734375 0.49780701754385964 0.044921875 0.9956140350877193
7 0.4091796875 0.125 0.037109375 0.25
0 0.41015625 0.375 0.03515625 0.25877192982456143
10 0.41015625 0.6337719298245614 0.037109375 0.25877192982456143
14 0.412109375 0.8793859649122807 0.0390625 0.2324561403508772
4 0.51171875 0.05482456140350877 0.16796875 0.10964912280701754
9 0.5107421875 0.17763157894736842 0.166015625 0.14035087719298245
5 0.509765625 0.30043859649122806 0.166015625 0.11403508771929824
6 0.5107421875 0.4276315789473684 0.166015625 0.15350877192982457
17 0.51171875 0.5657894736842105 0.166015625 0.13596491228070176
8 0.5126953125 0.8114035087719298 0.169921875 0.3684210526315789
11 0.615234375 0.3333333333333333 0.04296875 0.5921052631578947