13 0.88 0.12344139650872818 0.232 0.06483790523690773
11 0.609 0.12219451371571072 0.308 0.06483790523690773
15 0.19 0.06109725685785536 0.29 0.057356608478802994
4 0.757 0.27556109725685785 0.064 0.24189526184538654
9 0.691 0.27556109725685785 0.072 0.24438902743142144
5 0.626 0.27556109725685785 0.06 0.24438902743142144
6 0.56 0.27680798004987534 0.074 0.24438902743142144
17 0.489 0.27556109725685785 0.068 0.24438902743142144
8 0.357 0.27556109725685785 0.196 0.24438902743142144
1 0.071 0.27556109725685785 0.06 0.24189526184538654
7 0.722 0.4239401496259352 0.134 0.05236907730673317
0 0.589 0.4239401496259352 0.132 0.05236907730673317
10 0.456 0.4239401496259352 0.134 0.05236907730673317
14 0.324 0.4239401496259352 0.132 0.05236907730673317
18 0.149 0.4226932668329177 0.218 0.05236907730673317
12 0.111 0.47381546134663344 0.14 0.04987531172069826
2 0.59 0.47506234413965087 0.818 0.04987531172069826
3 0.52 0.5261845386533666 0.958 0.05236907730673317
16 0.894 0.32169576059850374 0.21 0.256857855361596