13 0.1031031031031031 0.6670616113744076 0.2002002002002002 0.13270142180094788
11 0.3483483483483483 0.6670616113744076 0.2902902902902903 0.13270142180094788
15 0.7867867867867868 0.8175355450236966 0.1971971971971972 0.13270142180094788
16 0.0940940940940941 0.3412322274881517 0.18018018018018017 0.3744075829383886
4 0.20770770770770772 0.4312796208530806 0.05305305305305305 0.33649289099526064
9 0.2577577577577578 0.4312796208530806 0.05105105105105105 0.33649289099526064
5 0.3183183183183183 0.4324644549763033 0.07007007007007007 0.33886255924170616
6 0.3883883883883884 0.4312796208530806 0.07107107107107107 0.3412322274881517
17 0.45795795795795796 0.43364928909952605 0.07007007007007007 0.33886255924170616
8 0.6091091091091091 0.43364928909952605 0.23223223223223224 0.33886255924170616
1 0.9654654654654654 0.43364928909952605 0.06406406406406406 0.33649289099526064
7 0.23423423423423423 0.20971563981042654 0.1021021021021021 0.11137440758293839
0 0.3538538538538539 0.20971563981042654 0.14014014014014015 0.11137440758293839
10 0.5035035035035035 0.20971563981042654 0.16116116116116116 0.10900473933649289
14 0.6531531531531531 0.20971563981042654 0.14314314314314314 0.11611374407582939
18 0.8613613613613613 0.2109004739336493 0.2752752752752753 0.11374407582938388
2 0.4189189189189189 0.11966824644549763 0.8318318318318318 0.07819905213270142
12 0.9159159159159159 0.12085308056872038 0.16616616616616617 0.07582938388625593
3 0.501001001001001 0.0485781990521327 0.995995995995996 0.07345971563981042