8 0.5076 0.6817697228144989 0.1544 0.21641791044776118
13 0.6184 0.12686567164179105 0.048 0.2515991471215352
1 0.502 0.9642857142857143 0.148 0.06929637526652452
15 0.638 0.8592750533049041 0.0456 0.279317697228145
2 0.3944 0.4312366737739872 0.0488 0.8347547974413646
16 0.4944 0.11780383795309168 0.1608 0.22174840085287847
3 0.3632 0.4968017057569296 0.0456 0.964818763326226
4 0.5172 0.26119402985074625 0.1528 0.06716417910447761
7 0.426 0.2979744136460554 0.0312 0.1396588486140725
6 0.5116 0.46748400852878463 0.1528 0.08422174840085288
12 0.3848 0.9147121535181236 0.0304 0.14498933901918976
17 0.5104 0.5421108742004265 0.1512 0.07995735607675906
9 0.5152 0.3315565031982942 0.1536 0.07569296375266525
5 0.514 0.39872068230277186 0.152 0.06396588486140725
0 0.4232 0.43443496801705755 0.0312 0.13539445628997868
10 0.4196 0.5708955223880597 0.0304 0.13859275053304904
14 0.4176 0.7052238805970149 0.032 0.13646055437100213
18 0.414 0.8811300639658849 0.0304 0.22281449893390193
11 0.6088 0.4173773987206823 0.0488 0.3368869936034115