15 0.6907407407407408 0.7909722222222222 0.2796296296296296 0.06805555555555555
15 0.7587962962962963 0.6916666666666667 0.2916666666666667 0.07083333333333333
13 0.22870370370370371 0.6576388888888889 0.19537037037037036 0.07083333333333333
11 0.4449074074074074 0.6444444444444445 0.23981481481481481 0.0625
16 0.20555555555555555 0.4861111111111111 0.1962962962962963 0.2375
2 0.45787037037037037 0.3451388888888889 0.7111111111111111 0.05555555555555555
3 0.5180555555555556 0.29583333333333334 0.8407407407407408 0.058333333333333334
8 0.6504629629629629 0.5145833333333333 0.17314814814814813 0.2013888888888889
10 0.5740740740740741 0.39375 0.11203703703703703 0.04861111111111111
7 0.35185185185185186 0.38958333333333334 0.11481481481481481 0.04861111111111111
0 0.4638888888888889 0.3909722222222222 0.10925925925925926 0.04722222222222222
18 0.8296296296296296 0.38819444444444445 0.18796296296296297 0.05277777777777778
1 0.8773148148148148 0.5076388888888889 0.07777777777777778 0.20277777777777778
17 0.5425925925925926 0.5152777777777777 0.06111111111111111 0.2013888888888889
12 0.8699074074074075 0.3402777777777778 0.12407407407407407 0.05138888888888889
4 0.32592592592592595 0.5194444444444445 0.05648148148148148 0.20972222222222223
9 0.38055555555555554 0.5173611111111112 0.062037037037037036 0.20833333333333334
5 0.43287037037037035 0.5159722222222223 0.04814814814814815 0.20555555555555555
6 0.48703703703703705 0.5145833333333333 0.062037037037037036 0.2013888888888889
13 0.09398148148148149 0.7736111111111111 0.03796296296296296 0.05555555555555555
16 0.07916666666666666 0.6013888888888889 0.05555555555555555 0.22916666666666666
2 0.06527777777777778 0.46319444444444446 0.03518518518518519 0.04583333333333333
3 0.059722222222222225 0.41597222222222224 0.037037037037037035 0.04861111111111111
14 0.6837962962962963 0.39375 0.11296296296296296 0.04861111111111111