13 0.1875 0.24072265625 0.20182291666666666 0.03466796875
11 0.4212239583333333 0.236328125 0.2662760416666667 0.0361328125
16 0.17838541666666666 0.341796875 0.18424479166666666 0.13525390625
4 0.2955729166666667 0.3173828125 0.055989583333333336 0.12548828125
9 0.353515625 0.31689453125 0.06510416666666667 0.1259765625
5 0.4095052083333333 0.3154296875 0.052083333333333336 0.12548828125
6 0.4661458333333333 0.3154296875 0.068359375 0.1259765625
17 0.5279947916666666 0.31396484375 0.0625 0.1259765625
8 0.6432291666666666 0.3115234375 0.17708333333333334 0.12841796875
1 0.8951822916666666 0.30615234375 0.06315104166666667 0.12451171875
15 0.7727864583333334 0.189453125 0.33203125 0.0537109375
7 0.328125 0.392578125 0.1171875 0.02783203125
0 0.443359375 0.39111328125 0.11458333333333333 0.02783203125
10 0.55859375 0.388671875 0.11653645833333333 0.02880859375
14 0.6744791666666666 0.38623046875 0.11653645833333333 0.02880859375
18 0.8307291666666666 0.3828125 0.19661458333333334 0.02978515625
2 0.4453125 0.41650390625 0.71875 0.03955078125
12 0.8678385416666666 0.40869140625 0.126953125 0.02978515625
3 0.5091145833333334 0.4423828125 0.8489583333333334 0.04248046875