15 0.8440766550522648 0.8996655518394648 0.3083623693379791 0.14715719063545152
13 0.2038327526132404 0.8076923076923077 0.23867595818815332 0.09698996655518395
11 0.4729965156794425 0.794314381270903 0.3048780487804878 0.10367892976588629
16 0.18118466898954705 0.5066889632107023 0.22473867595818817 0.3979933110367893
4 0.3231707317073171 0.5735785953177257 0.06794425087108014 0.3712374581939799
7 0.35627177700348434 0.34615384615384615 0.13588850174216027 0.08695652173913043
2 0.47909407665505227 0.2591973244147157 0.8240418118466899 0.09698996655518395
3 0.5304878048780488 0.1806020066889632 0.9355400696864111 0.09364548494983277
1 0.9834494773519163 0.5501672240802675 0.029616724738675958 0.36454849498327757
18 0.9059233449477352 0.33277591973244147 0.18466898954703834 0.08361204013377926
12 0.9433797909407665 0.2508361204013378 0.10975609756097561 0.08361204013377926
8 0.7168989547038328 0.5568561872909699 0.1951219512195122 0.36789297658862874
14 0.75 0.33612040133779264 0.12717770034843207 0.08361204013377926
10 0.6210801393728222 0.3394648829431438 0.13588850174216027 0.08695652173913043
0 0.4878048780487805 0.3411371237458194 0.13066202090592335 0.08361204013377926
9 0.3902439024390244 0.5719063545150501 0.07665505226480836 0.36789297658862874
5 0.4538327526132404 0.5702341137123745 0.059233449477351915 0.36789297658862874
6 0.519163763066202 0.5668896321070234 0.08013937282229965 0.36454849498327757
17 0.5888501742160279 0.5635451505016722 0.06968641114982578 0.36454849498327757