13 0.86015625 0.7892976588628763 0.2265625 0.10702341137123746
11 0.6015625 0.7876254180602007 0.29375 0.10367892976588629
15 0.2125 0.9147157190635451 0.3609375 0.14381270903010032
16 0.8734375 0.459866220735786 0.2046875 0.431438127090301
4 0.7421875 0.5367892976588629 0.059375 0.40468227424749165
9 0.678125 0.5367892976588629 0.0703125 0.4013377926421405
5 0.61640625 0.5367892976588629 0.05625 0.3979933110367893
6 0.553125 0.5384615384615384 0.071875 0.3979933110367893
17 0.48515625 0.5384615384615384 0.065625 0.3979933110367893
8 0.36015625 0.540133779264214 0.1890625 0.39464882943143814
1 0.0890625 0.5468227424749164 0.0625 0.3879598662207358
7 0.70859375 0.2959866220735786 0.1296875 0.0802675585284281
0 0.57890625 0.2976588628762542 0.128125 0.08361204013377926
10 0.45234375 0.2993311036789298 0.1265625 0.08695652173913043
14 0.32734375 0.3060200668896321 0.125 0.08695652173913043
18 0.16171875 0.3076923076923077 0.20625 0.0903010033444816
2 0.58203125 0.21070234113712374 0.7890625 0.10033444816053512
12 0.12265625 0.225752508361204 0.1328125 0.08695652173913043
3 0.51796875 0.13043478260869565 0.921875 0.11036789297658862