16 0.794 0.7995 0.21 0.11
13 0.807 0.724 0.21 0.042
11 0.565 0.704 0.296 0.047
7 0.629 0.8315 0.128 0.027
4 0.682 0.7755 0.088 0.099
9 0.622 0.7715 0.1 0.102
2 0.475 0.843 0.788 0.064
3 0.431 0.862 0.86 0.065
12 0.044 0.8195 0.088 0.027
0 0.506 0.8245 0.134 0.029
5 0.563 0.767 0.086 0.101
6 0.499 0.7625 0.104 0.102
17 0.432 0.758 0.104 0.104
10 0.377 0.8165 0.14 0.029
14 0.243 0.8085 0.144 0.03
18 0.091 0.7995 0.178 0.033
8 0.299 0.748 0.238 0.115
1 0.026 0.7275 0.052 0.107
15 0.183 0.639 0.366 0.069
15 0.268 0.3925 0.39 0.082
13 0.888 0.4955 0.202 0.046
16 0.871 0.5685 0.206 0.113
2 0.566 0.598 0.756 0.091
3 0.481 0.61 0.908 0.103
16 0.399 0.5005 0.226 0.114
11 0.654 0.4685 0.28 0.055
4 0.764 0.541 0.084 0.095
7 0.714 0.5915 0.12 0.031
0 0.596 0.58 0.128 0.032
10 0.473 0.5675 0.132 0.032
14 0.346 0.5555 0.136 0.033
18 0.166 0.5375 0.24 0.044
9 0.707 0.534 0.098 0.097
5 0.651 0.5275 0.084 0.098
6 0.592 0.5215 0.102 0.099
17 0.527 0.5145 0.098 0.1
1 0.109 0.47 0.106 0.105
12 0.116 0.555 0.158 0.037