11 0.375 0.312987012987013 0.0472972972972973 0.625974025974026
15 0.3327702702702703 0.9363636363636364 0.04391891891891892 0.12207792207792208
4 0.4831081081081081 0.03896103896103896 0.17342342342342343 0.07792207792207792
9 0.4831081081081081 0.14675324675324675 0.17229729729729729 0.14545454545454545
5 0.4831081081081081 0.2727272727272727 0.17229729729729729 0.11688311688311688
6 0.48367117117117114 0.4077922077922078 0.17342342342342343 0.15584415584415584
17 0.4831081081081081 0.551948051948052 0.17229729729729729 0.14025974025974025
8 0.4831081081081081 0.8077922077922078 0.17342342342342343 0.37922077922077924
0 0.5867117117117117 0.34805194805194806 0.036036036036036036 0.2649350649350649
10 0.5872747747747747 0.6168831168831169 0.037162162162162164 0.2727272727272727
14 0.5878378378378378 0.8766233766233766 0.038288288288288286 0.24155844155844156
2 0.6238738738738738 0.4987012987012987 0.036036036036036036 0.9974025974025974
3 0.6587837837837838 0.4987012987012987 0.038288288288288286 0.9974025974025974
7 0.5872747747747747 0.10909090909090909 0.037162162162162164 0.21818181818181817