13 0.44555555555555554 0.0893854748603352 0.05555555555555555 0.1787709497206704
11 0.4411111111111111 0.37011173184357543 0.051111111111111114 0.3854748603351955
15 0.3933333333333333 0.8575418994413407 0.04888888888888889 0.27932960893854747
16 0.6022222222222222 0.07960893854748603 0.2088888888888889 0.15921787709497207
4 0.5655555555555556 0.19134078212290503 0.19555555555555557 0.08100558659217877
9 0.5655555555555556 0.2751396648044693 0.19555555555555557 0.09776536312849161
5 0.5655555555555556 0.3547486033519553 0.19555555555555557 0.0782122905027933
6 0.5655555555555556 0.4371508379888268 0.19777777777777777 0.09497206703910614
17 0.5655555555555556 0.5279329608938548 0.19777777777777777 0.09497206703910614
8 0.5655555555555556 0.6913407821229051 0.19555555555555557 0.2569832402234637
7 0.6844444444444444 0.24022346368715083 0.044444444444444446 0.17039106145251395
0 0.6833333333333333 0.40502793296089384 0.04 0.16201117318435754
10 0.6855555555555556 0.5712290502793296 0.042222222222222223 0.17039106145251395
14 0.6844444444444444 0.7374301675977654 0.044444444444444446 0.164804469273743
18 0.6855555555555556 0.9078212290502793 0.04666666666666667 0.1787709497206704
2 0.7277777777777777 0.4622905027932961 0.04666666666666667 0.9245810055865922
12 0.7277777777777777 0.9594972067039106 0.04666666666666667 0.07541899441340782
3 0.7688888888888888 0.49860335195530725 0.04888888888888889 0.9972067039106145