13 0.3369140625 0.11458333333333333 0.048828125 0.22916666666666666
11 0.3330078125 0.40234375 0.048828125 0.3541666666666667
15 0.27978515625 0.8294270833333334 0.0595703125 0.3385416666666667
16 0.47216796875 0.09830729166666667 0.1826171875 0.19661458333333334
4 0.4384765625 0.228515625 0.1650390625 0.07942708333333333
9 0.4384765625 0.3072916666666667 0.166015625 0.08854166666666667
2 0.57470703125 0.46484375 0.0517578125 0.9296875
5 0.4365234375 0.384765625 0.166015625 0.0703125
3 0.6083984375 0.4993489583333333 0.0546875 0.9986979166666666
12 0.56591796875 0.9615885416666666 0.0419921875 0.07421875
7 0.5380859375 0.267578125 0.037109375 0.16536458333333334
6 0.4365234375 0.462890625 0.1669921875 0.09635416666666667
8 0.43359375 0.7024739583333334 0.1669921875 0.24348958333333334
17 0.435546875 0.5455729166666666 0.16796875 0.0859375
0 0.53759765625 0.4296875 0.037109375 0.1640625
10 0.53662109375 0.58984375 0.0390625 0.16015625
18 0.53076171875 0.9127604166666666 0.0419921875 0.171875
14 0.53369140625 0.74609375 0.0390625 0.16015625