13 0.44583333333333336 0.12222222222222222 0.055 0.24444444444444444
11 0.445 0.4288888888888889 0.051666666666666666 0.38
16 0.5925 0.10777777777777778 0.20166666666666666 0.21555555555555556
4 0.56 0.24666666666666667 0.18666666666666668 0.08444444444444445
9 0.5616666666666666 0.3277777777777778 0.18833333333333332 0.09111111111111111
5 0.5616666666666666 0.40444444444444444 0.18666666666666668 0.07555555555555556
6 0.565 0.48444444444444446 0.19 0.09777777777777778
17 0.565 0.57 0.19166666666666668 0.08444444444444445
7 0.675 0.2822222222222222 0.045 0.1711111111111111
0 0.6775 0.44555555555555554 0.043333333333333335 0.16444444444444445
10 0.6808333333333333 0.6088888888888889 0.043333333333333335 0.1622222222222222
14 0.685 0.7711111111111111 0.045 0.1622222222222222
18 0.6883333333333334 0.9244444444444444 0.05 0.14666666666666667
8 0.5675 0.7322222222222222 0.195 0.24888888888888888
15 0.3908333333333333 0.8477777777777777 0.075 0.3
12 0.7316666666666667 0.9755555555555555 0.04666666666666667 0.044444444444444446
2 0.7183333333333334 0.48 0.06666666666666667 0.96
3 0.7608333333333334 0.4988888888888889 0.07166666666666667 0.9977777777777778