15 0.6888157894736842 0.9208333333333333 0.046052631578947366 0.1527777777777778
11 0.6394736842105263 0.33055555555555555 0.05 0.5694444444444444
8 0.5203947368421052 0.7986111111111112 0.18947368421052632 0.3638888888888889
4 0.5190789473684211 0.06111111111111111 0.18947368421052632 0.11388888888888889
7 0.40460526315789475 0.12777777777777777 0.039473684210526314 0.24722222222222223
0 0.40460526315789475 0.37222222222222223 0.04078947368421053 0.24166666666666667
6 0.5197368421052632 0.4222222222222222 0.18947368421052632 0.14166666666666666
17 0.5203947368421052 0.5527777777777778 0.18947368421052632 0.13055555555555556
5 0.5190789473684211 0.3013888888888889 0.18947368421052632 0.10555555555555556
9 0.5190789473684211 0.18333333333333332 0.18947368421052632 0.13333333333333333
10 0.4052631578947368 0.6138888888888889 0.039473684210526314 0.24722222222222223
14 0.4052631578947368 0.8597222222222223 0.039473684210526314 0.24444444444444444
2 0.3651315789473684 0.4986111111111111 0.04342105263157895 0.9972222222222222
3 0.325 0.4986111111111111 0.04473684210526316 0.9972222222222222