16 0.9563802083333334 0.74365234375 0.046875 0.1533203125
11 0.9609375 0.56591796875 0.048177083333333336 0.203125
16 0.8196614583333334 0.751953125 0.181640625 0.13916015625
4 0.8522135416666666 0.66259765625 0.169921875 0.04150390625
9 0.853515625 0.6181640625 0.169921875 0.04833984375
5 0.853515625 0.576171875 0.17057291666666666 0.0390625
6 0.8548177083333334 0.53271484375 0.17057291666666666 0.05126953125
17 0.8561197916666666 0.4853515625 0.17057291666666666 0.04638671875
8 0.8587239583333334 0.39697265625 0.17252604166666666 0.13330078125
1 0.86328125 0.205078125 0.169921875 0.04541015625
7 0.75 0.63818359375 0.036458333333333336 0.0888671875
0 0.751953125 0.55029296875 0.037760416666666664 0.08740234375
10 0.75390625 0.46240234375 0.0390625 0.0888671875
14 0.7565104166666666 0.3740234375 0.038411458333333336 0.087890625
18 0.759765625 0.255859375 0.0390625 0.14892578125
2 0.716796875 0.54833984375 0.049479166666666664 0.54638671875
12 0.724609375 0.22802734375 0.037109375 0.095703125
3 0.6822916666666666 0.5009765625 0.050130208333333336 0.64306640625