13 0.9081632653061225 0.7098092643051771 0.17959183673469387 0.1444141689373297
11 0.5571428571428572 0.7316076294277929 0.5346938775510204 0.15258855585831063
15 0.05408163265306123 0.8583106267029973 0.10408163265306122 0.09264305177111716
4 0.7938775510204081 0.4264305177111717 0.1306122448979592 0.46321525885558584
9 0.676530612244898 0.4359673024523161 0.14285714285714285 0.4604904632152589
5 0.5663265306122449 0.44550408719346046 0.11836734693877551 0.45231607629427795
6 0.45510204081632655 0.4550408719346049 0.14489795918367346 0.44959128065395093
17 0.3377551020408163 0.4645776566757493 0.12653061224489795 0.44141689373297005
8 0.14591836734693878 0.48092643051771117 0.28775510204081634 0.44959128065395093
7 0.7193877551020408 0.15803814713896458 0.23265306122448978 0.11989100817438691
0 0.4928571428571429 0.18256130790190736 0.22653061224489796 0.11716621253405994
10 0.27448979591836736 0.20844686648501362 0.21428571428571427 0.11716621253405994
14 0.08775510204081632 0.23024523160762944 0.17142857142857143 0.11171662125340599
2 0.5 0.1008174386920981 0.9959183673469387 0.19618528610354224
16 0.9142857142857143 0.3310626702997275 0.1673469387755102 0.4986376021798365
3 0.4377551020408163 0.05449591280653951 0.8714285714285714 0.10354223433242507