13 0.7802884615384615 0.642948717948718 0.19230769230769232 0.06153846153846154
11 0.5610576923076923 0.6506410256410257 0.24807692307692308 0.0641025641025641
16 0.7875 0.4737179487179487 0.17692307692307693 0.22435897435897437
15 0.2230769230769231 0.7076923076923077 0.2326923076923077 0.05128205128205128
4 0.676923076923077 0.514102564102564 0.05384615384615385 0.21025641025641026
9 0.6235576923076923 0.5153846153846153 0.06057692307692308 0.21153846153846154
5 0.5711538461538461 0.5173076923076924 0.04807692307692308 0.21153846153846154
8 0.35721153846153847 0.5224358974358975 0.15865384615384615 0.21153846153846154
1 0.12740384615384615 0.5288461538461539 0.051923076923076926 0.20897435897435898
18 0.18990384615384615 0.4032051282051282 0.17596153846153847 0.04871794871794872
12 0.15625 0.3596153846153846 0.11346153846153846 0.04871794871794872
17 0.4620192307692308 0.5205128205128206 0.05576923076923077 0.21025641025641026
6 0.51875 0.5198717948717949 0.06442307692307692 0.2128205128205128
2 0.541826923076923 0.34615384615384615 0.6596153846153846 0.06794871794871794
3 0.48509615384615384 0.30641025641025643 0.7711538461538462 0.07307692307692308
14 0.32884615384615384 0.39871794871794874 0.10480769230769231 0.04487179487179487
10 0.43365384615384617 0.3942307692307692 0.10673076923076923 0.047435897435897434
0 0.5394230769230769 0.3903846153846154 0.1076923076923077 0.046153846153846156
7 0.6471153846153846 0.38782051282051283 0.10961538461538461 0.046153846153846156