13 0.39814814814814814 0.8979166666666667 0.05185185185185185 0.2013888888888889
15 0.3814814814814815 0.17569444444444443 0.05925925925925926 0.35138888888888886
16 0.5171296296296296 0.91875 0.16944444444444445 0.1597222222222222
4 0.49722222222222223 0.8076388888888889 0.14722222222222223 0.10138888888888889
11 0.4111111111111111 0.6159722222222223 0.04722222222222222 0.375
2 0.6273148148148148 0.5277777777777778 0.05648148148148148 0.9416666666666667
3 0.6648148148148149 0.49930555555555556 0.06296296296296296 0.9986111111111111
12 0.6412037037037037 0.03194444444444444 0.041666666666666664 0.06388888888888888
18 0.6055555555555555 0.0875 0.044444444444444446 0.175
8 0.5111111111111111 0.30277777777777776 0.14814814814814814 0.25555555555555554
14 0.5986111111111111 0.2548611111111111 0.037037037037037035 0.1736111111111111
17 0.5060185185185185 0.4708333333333333 0.14444444444444443 0.08888888888888889
15 0.3087962962962963 0.24166666666666667 0.05462962962962963 0.41388888888888886
13 0.3087962962962963 0.9138888888888889 0.05648148148148148 0.16944444444444445
9 0.500462962962963 0.725 0.14814814814814814 0.10972222222222222
5 0.5013888888888889 0.6430555555555556 0.14444444444444443 0.08333333333333333
6 0.5041666666666667 0.5625 0.14444444444444443 0.1
7 0.5875 0.7770833333333333 0.03888888888888889 0.18055555555555555
0 0.5921296296296297 0.6020833333333333 0.03518518518518519 0.1736111111111111
10 0.5944444444444444 0.4270833333333333 0.03888888888888889 0.17777777777777778