11 0.40427698574338083 0.36097560975609755 0.05295315682281059 0.7170731707317073
4 0.5244399185336049 0.04878048780487805 0.1934826883910387 0.0975609756097561
9 0.5224032586558045 0.17804878048780487 0.19144602851323828 0.17560975609756097
5 0.5224032586558045 0.33170731707317075 0.1894093686354379 0.13658536585365855
6 0.5234215885947047 0.4853658536585366 0.18737270875763748 0.18048780487804877
17 0.5234215885947047 0.6487804878048781 0.18533604887983707 0.16097560975609757
8 0.5254582484725051 0.8560975609756097 0.18737270875763748 0.2780487804878049
7 0.6374745417515275 0.13658536585365855 0.04480651731160896 0.2731707317073171
0 0.6364562118126272 0.4195121951219512 0.04276985743380855 0.3170731707317073
10 0.6364562118126272 0.7292682926829268 0.04073319755600815 0.3121951219512195
14 0.6354378818737271 0.9390243902439024 0.04073319755600815 0.11219512195121951
2 0.6792260692464358 0.4975609756097561 0.054989816700611 0.9951219512195122
3 0.6975560081466395 0.4975609756097561 0.02240325865580448 0.9951219512195122