15 0.23 0.7888888888888889 0.226 0.07777777777777778
13 0.788 0.7055555555555556 0.194 0.07777777777777778
11 0.569 0.7055555555555556 0.248 0.07777777777777778
8 0.365 0.5277777777777778 0.16 0.28888888888888886
16 0.802 0.4666666666666667 0.18 0.3074074074074074
4 0.688 0.5222222222222223 0.054 0.28888888888888886
9 0.633 0.524074074074074 0.06 0.28888888888888886
1 0.127 0.5296296296296297 0.052 0.29259259259259257
18 0.191 0.3537037037037037 0.19 0.06296296296296296
12 0.154 0.29259259259259257 0.126 0.06296296296296296
2 0.554 0.2833333333333333 0.682 0.07777777777777778
3 0.493 0.22407407407407406 0.812 0.07777777777777778
0 0.552 0.35185185185185186 0.108 0.06296296296296296
7 0.66 0.34814814814814815 0.112 0.06296296296296296
14 0.337 0.3537037037037037 0.106 0.06296296296296296
10 0.444 0.35185185185185186 0.108 0.06296296296296296
17 0.472 0.5259259259259259 0.054 0.2851851851851852
6 0.529 0.5259259259259259 0.06 0.28888888888888886
5 0.582 0.524074074074074 0.046 0.2851851851851852