15 0.23 0.2111111111111111 0.226 0.07777777777777778
13 0.788 0.29444444444444445 0.194 0.07777777777777778
11 0.569 0.29444444444444445 0.248 0.07777777777777778
8 0.365 0.4722222222222222 0.16 0.28888888888888886
16 0.802 0.5333333333333333 0.18 0.3074074074074074
4 0.688 0.4777777777777778 0.054 0.28888888888888886
9 0.633 0.4759259259259259 0.06 0.28888888888888886
1 0.127 0.4703703703703704 0.052 0.29259259259259257
18 0.191 0.6462962962962963 0.19 0.06296296296296296
12 0.154 0.7074074074074074 0.126 0.06296296296296296
2 0.554 0.7166666666666667 0.682 0.07777777777777778
3 0.493 0.7759259259259259 0.812 0.07777777777777778
0 0.552 0.6481481481481481 0.108 0.06296296296296296
7 0.66 0.6518518518518519 0.112 0.06296296296296296
14 0.337 0.6462962962962963 0.106 0.06296296296296296
10 0.444 0.6481481481481481 0.108 0.06296296296296296
17 0.472 0.4740740740740741 0.054 0.2851851851851852
6 0.529 0.4740740740740741 0.06 0.28888888888888886
5 0.582 0.4759259259259259 0.046 0.2851851851851852