13 0.682 0.04325259515570934 0.052 0.08650519031141868
11 0.681 0.3373702422145329 0.05 0.5121107266435986
4 0.562 0.08996539792387544 0.188 0.10380622837370242
9 0.562 0.20242214532871972 0.19 0.11764705882352941
5 0.563 0.3062283737024221 0.19 0.09688581314878893
6 0.563 0.41522491349480967 0.19 0.1314878892733564
17 0.562 0.5346020761245674 0.19 0.11418685121107267
8 0.562 0.7560553633217993 0.19 0.3356401384083045
7 0.448 0.14878892733564014 0.04 0.22145328719723184
0 0.449 0.3685121107266436 0.04 0.22491349480968859
10 0.449 0.5899653979238755 0.04 0.22145328719723184
14 0.449 0.8114186851211073 0.04 0.22145328719723184
18 0.45 0.9584775086505191 0.04 0.07612456747404844
2 0.41 0.4982698961937716 0.044 0.9965397923875432
3 0.371 0.4982698961937716 0.042 0.9965397923875432
15 0.73 0.9013840830449827 0.048 0.1903114186851211