15 0.781 0.09865470852017937 0.312 0.13004484304932734
13 0.195 0.2062780269058296 0.21 0.09865470852017937
11 0.432 0.2085201793721973 0.264 0.09865470852017937
16 0.183 0.5179372197309418 0.188 0.40358744394618834
8 0.647 0.44170403587443946 0.166 0.3721973094170404
18 0.822 0.6636771300448431 0.184 0.07623318385650224
4 0.304 0.4461883408071749 0.056 0.37668161434977576
9 0.362 0.4461883408071749 0.062 0.37668161434977576
5 0.418 0.4461883408071749 0.05 0.3721973094170404
6 0.475 0.4439461883408072 0.066 0.3721973094170404
17 0.535 0.4439461883408072 0.058 0.3721973094170404
12 0.857 0.7399103139013453 0.116 0.08520179372197309
1 0.887 0.43946188340807174 0.054 0.3632286995515695
7 0.334 0.672645739910314 0.118 0.08520179372197309
0 0.45 0.6704035874439462 0.114 0.08071748878923767
10 0.564 0.6681614349775785 0.116 0.08520179372197309
14 0.676 0.6636771300448431 0.11 0.08520179372197309
2 0.444 0.7511210762331838 0.712 0.09865470852017937
3 0.501 0.8295964125560538 0.828 0.10762331838565023