13 0.2435483870967742 0.19852941176470587 0.29354838709677417 0.1323529411764706
11 0.5435483870967742 0.23774509803921567 0.3064516129032258 0.14705882352941177
16 0.23387096774193547 0.5171568627450981 0.2806451612903226 0.44607843137254904
7 0.4532258064516129 0.6691176470588235 0.16129032258064516 0.08823529411764706
5 0.5467741935483871 0.45588235294117646 0.07096774193548387 0.3431372549019608
8 0.7887096774193548 0.4583333333333333 0.18387096774193548 0.31862745098039214
9 0.4806451612903226 0.44607843137254904 0.0935483870967742 0.3627450980392157
0 0.5870967741935483 0.6642156862745098 0.11935483870967742 0.0784313725490196
10 0.714516129032258 0.6519607843137255 0.14516129032258066 0.08333333333333333
14 0.8354838709677419 0.6421568627450981 0.1 0.07352941176470588
18 0.9387096774193548 0.6323529411764706 0.11612903225806452 0.06862745098039216
12 0.9693548387096774 0.6887254901960784 0.054838709677419356 0.06372549019607843
2 0.5209677419354839 0.7450980392156863 0.8451612903225807 0.16666666666666666
15 0.9016129032258065 0.20588235294117646 0.19032258064516128 0.08823529411764706
4 0.40483870967741936 0.4387254901960784 0.08709677419354839 0.37745098039215685
3 0.5467741935483871 0.8186274509803921 0.9 0.19607843137254902
6 0.6048387096774194 0.4583333333333333 0.07741935483870968 0.3333333333333333
17 0.6693548387096774 0.4632352941176471 0.08709677419354839 0.3284313725490196