16 0.18336673346693386 0.2976878612716763 0.20040080160320642 0.22254335260115607
13 0.11322645290581163 0.3945086705202312 0.14829659318637275 0.15895953757225434
8 0.4498997995991984 0.6069364161849711 0.1963927855711423 0.24855491329479767
7 0.3076152304609218 0.3309248554913295 0.08617234468937876 0.09248554913294797
4 0.23647294589178355 0.3872832369942196 0.12024048096192384 0.1531791907514451
9 0.2695390781563126 0.42196531791907516 0.12424849699398798 0.16184971098265896
5 0.30360721442885774 0.45664739884393063 0.12024048096192384 0.15895953757225434
6 0.33867735470941884 0.49277456647398843 0.12625250501002003 0.17052023121387283
17 0.37675350701402804 0.5317919075144508 0.12625250501002003 0.17341040462427745
11 0.2575150300601202 0.5491329479768786 0.1903807615230461 0.2138728323699422
1 0.625250501002004 0.7789017341040463 0.11823647294589178 0.1907514450867052
18 0.624248496993988 0.638728323699422 0.1523046092184369 0.15895953757225434
14 0.5200400801603207 0.5404624277456648 0.09218436873747494 0.10115606936416185
0 0.374749498997996 0.3988439306358382 0.08817635270541083 0.08959537572254335
10 0.4468937875751503 0.4682080924855491 0.09218436873747494 0.0953757225433526
12 0.6633266533066132 0.630057803468208 0.10420841683366733 0.11560693641618497
3 0.46092184368737477 0.3988439306358382 0.533066132264529 0.5115606936416185
2 0.40380761523046094 0.38583815028901736 0.4529058116232465 0.43352601156069365
15 0.46693386773547096 0.8453757225433526 0.2745490981963928 0.30346820809248554
15 0.6723446893787575 0.4841040462427746 0.2625250501002004 0.25722543352601157
16 0.3867735470941884 0.06069364161849711 0.17234468937875752 0.11849710982658959
13 0.33266533066132264 0.11560693641618497 0.13026052104208416 0.1329479768786127
11 0.46693386773547096 0.23699421965317918 0.17635270541082165 0.17052023121387283
8 0.6442885771543087 0.2745664739884393 0.17835671342685372 0.21965317919075145
1 0.8106212424849699 0.41329479768786126 0.1062124248496994 0.17052023121387283
14 0.7044088176352705 0.20809248554913296 0.08617234468937876 0.08670520231213873
18 0.8056112224448898 0.28901734104046245 0.14428857715430862 0.13005780346820808
12 0.842685370741483 0.28034682080924855 0.09619238476953908 0.0953757225433526
3 0.7124248496993988 0.15028901734104047 0.38276553106212424 0.30057803468208094
2 0.6422845691382766 0.13005780346820808 0.3306613226452906 0.26011560693641617
17 0.5721442885771543 0.21242774566473988 0.10821643286573146 0.15606936416184972
6 0.5350701402805611 0.18063583815028902 0.1062124248496994 0.1531791907514451
5 0.503006012024048 0.1531791907514451 0.10020040080160321 0.1416184971098266
9 0.46993987975951906 0.12572254335260116 0.1062124248496994 0.15028901734104047
4 0.437875751503006 0.0968208092485549 0.10220440881763528 0.1416184971098266
10 0.6342685370741483 0.15028901734104047 0.08617234468937876 0.0838150289017341
0 0.564128256513026 0.09393063583815028 0.08216432865731463 0.07803468208092486
7 0.49899799599198397 0.04046242774566474 0.08216432865731463 0.08092485549132948