13 0.15703125 0.2268370607028754 0.225 0.10223642172523961
11 0.41640625 0.22044728434504793 0.296875 0.10543130990415335
15 0.81953125 0.11182108626198083 0.265625 0.10862619808306709
16 0.146875 0.536741214057508 0.203125 0.402555910543131
4 0.27578125 0.46325878594249204 0.059375 0.38338658146964855
9 0.33984375 0.46485623003194887 0.06875 0.3865814696485623
5 0.4015625 0.46325878594249204 0.059375 0.38338658146964855
6 0.46640625 0.46325878594249204 0.0703125 0.3769968051118211
17 0.5328125 0.46006389776357826 0.0671875 0.3769968051118211
8 0.66171875 0.46006389776357826 0.1921875 0.3801916932907348
1 0.93828125 0.4520766773162939 0.0578125 0.3769968051118211
7 0.3109375 0.694888178913738 0.128125 0.08306709265175719
0 0.4390625 0.6916932907348243 0.1296875 0.08626198083067092
10 0.56875 0.6900958466453674 0.128125 0.08306709265175719
14 0.6953125 0.6869009584664537 0.1265625 0.08306709265175719
18 0.86328125 0.6837060702875399 0.209375 0.08306709265175719
2 0.43984375 0.7731629392971247 0.790625 0.08945686900958466
3 0.50859375 0.853035143769968 0.928125 0.09584664536741214
12 0.903125 0.7667731629392971 0.1375 0.08945686900958466