11 0.365625 0.6989966555183946 0.05 0.5953177257525084
15 0.30625 0.13712374581939799 0.06875 0.27424749163879597
4 0.4828125 0.9749163879598662 0.190625 0.043478260869565216
9 0.4828125 0.8812709030100334 0.1875 0.1505016722408027
5 0.4828125 0.7491638795986622 0.1859375 0.12040133779264214
6 0.48203125 0.6137123745819398 0.1859375 0.15384615384615385
17 0.48203125 0.4682274247491639 0.1859375 0.14046822742474915
8 0.48203125 0.20234113712374582 0.1859375 0.40468227424749165
7 0.59609375 0.9013377926421404 0.0390625 0.19063545150501673
0 0.59453125 0.6688963210702341 0.0390625 0.27424749163879597
10 0.59375 0.3979933110367893 0.040625 0.2709030100334448
14 0.59140625 0.13377926421404682 0.0421875 0.26755852842809363
2 0.63515625 0.4983277591973244 0.0484375 0.9966555183946488
3 0.6734375 0.4983277591973244 0.053125 0.9966555183946488