13 0.186 0.325 0.186 0.10384615384615385
11 0.411 0.31346153846153846 0.264 0.09230769230769231
15 0.766 0.2076923076923077 0.33 0.11538461538461539
4 0.286 0.5211538461538462 0.058 0.3269230769230769
9 0.345 0.5173076923076924 0.064 0.3269230769230769
5 0.401 0.5153846153846153 0.052 0.3269230769230769
6 0.457 0.5134615384615384 0.066 0.3269230769230769
17 0.518 0.5096153846153846 0.062 0.3230769230769231
8 0.632 0.5038461538461538 0.176 0.33076923076923076
1 0.881 0.49615384615384617 0.056 0.3230769230769231
18 0.815 0.6942307692307692 0.19 0.07307692307692308
14 0.663 0.698076923076923 0.116 0.07307692307692308
10 0.548 0.7038461538461539 0.116 0.07692307692307693
0 0.434 0.7096153846153846 0.114 0.07692307692307693
7 0.318 0.7173076923076923 0.12 0.07692307692307693
16 0.175 0.5884615384615385 0.168 0.35384615384615387
2 0.439 0.7807692307692308 0.696 0.10384615384615385
12 0.849 0.7596153846153846 0.124 0.06923076923076923
3 0.501 0.8480769230769231 0.822 0.11153846153846154