13 0.3438775510204082 0.9604904632152589 0.10816326530612246 0.07356948228882834
11 0.32653061224489793 0.5762942779291553 0.11428571428571428 0.7138964577656676
4 0.5551020408163265 0.8923705722070845 0.3469387755102041 0.17438692098092642
9 0.5479591836734694 0.7356948228882834 0.3448979591836735 0.1907356948228883
5 0.5408163265306123 0.5885558583106267 0.33877551020408164 0.15803814713896458
6 0.5336734693877551 0.44005449591280654 0.336734693877551 0.19346049046321526
17 0.5265306122448979 0.28337874659400547 0.3306122448979592 0.16893732970027248
8 0.5142857142857142 0.11035422343324251 0.33877551020408164 0.22070844686648503
7 0.7561224489795918 0.7929155313351499 0.08979591836734693 0.3106267029972752
0 0.7377551020408163 0.4904632152588556 0.08775510204081632 0.3024523160762943
10 0.7183673469387755 0.1989100817438692 0.08775510204081632 0.28610354223433243
14 0.7020408163265306 0.0326975476839237 0.08571428571428572 0.0653950953678474
2 0.8 0.4986376021798365 0.1469387755102041 0.997275204359673
16 0.6275510204081632 0.9686648501362398 0.373469387755102 0.05722070844686648
3 0.8336734693877551 0.4986376021798365 0.07959183673469387 0.997275204359673