15 0.6740384615384616 0.857051282051282 0.038461538461538464 0.2833333333333333
1 0.5365384615384615 0.9794871794871794 0.1576923076923077 0.038461538461538464
13 0.6370192307692307 0.12435897435897436 0.04519230769230769 0.24871794871794872
11 0.6379807692307692 0.41602564102564105 0.046153846153846156 0.3384615384615385
16 0.5033653846153846 0.11153846153846154 0.17403846153846153 0.2230769230769231
4 0.5341346153846154 0.2551282051282051 0.16153846153846155 0.07051282051282051
9 0.5350961538461538 0.32884615384615384 0.1625 0.08205128205128205
8 0.5355769230769231 0.6878205128205128 0.1605769230769231 0.20897435897435898
18 0.4427884615384615 0.8955128205128206 0.035576923076923075 0.2064102564102564
0 0.4389423076923077 0.44166666666666665 0.03461538461538462 0.14487179487179488
17 0.5360576923076923 0.5487179487179488 0.16153846153846155 0.07435897435897436
2 0.4043269230769231 0.4403846153846154 0.04326923076923077 0.8807692307692307
6 0.5360576923076923 0.4717948717948718 0.16153846153846155 0.08461538461538462
5 0.5360576923076923 0.3993589743589744 0.16153846153846155 0.06282051282051282
12 0.41009615384615383 0.9391025641025641 0.03365384615384615 0.11923076923076924
3 0.3721153846153846 0.49935897435897436 0.04423076923076923 0.9987179487179487
14 0.4408653846153846 0.7243589743589743 0.03461538461538462 0.13974358974358975
10 0.43990384615384615 0.5846153846153846 0.035576923076923075 0.14102564102564102
7 0.43701923076923077 0.2955128205128205 0.035576923076923075 0.14871794871794872