15 0.32037037037037036 0.9334532374100719 0.044444444444444446 0.12589928057553956
11 0.3638888888888889 0.35431654676258995 0.05185185185185185 0.579136690647482
2 0.6333333333333333 0.4982014388489209 0.044444444444444446 0.9964028776978417
3 0.6731481481481482 0.4982014388489209 0.04259259259259259 0.9964028776978417
8 0.4824074074074074 0.8183453237410072 0.18703703703703703 0.35611510791366907
7 0.5935185185185186 0.14388489208633093 0.03888888888888889 0.2517985611510791
4 0.48148148148148145 0.07553956834532374 0.18518518518518517 0.11151079136690648
9 0.48148148148148145 0.19964028776978418 0.18518518518518517 0.1366906474820144
5 0.48148148148148145 0.32194244604316546 0.18518518518518517 0.1079136690647482
6 0.48148148148148145 0.4460431654676259 0.18518518518518517 0.14028776978417265
17 0.48055555555555557 0.579136690647482 0.18703703703703703 0.12949640287769784
14 0.5944444444444444 0.8794964028776978 0.040740740740740744 0.23381294964028776
0 0.5935185185185186 0.3920863309352518 0.037037037037037035 0.24820143884892087
10 0.5935185185185186 0.6402877697841727 0.03888888888888889 0.24820143884892087