13 0.8197969543147208 0.8765625 0.04060913705583756 0.2375
11 0.8185279187817259 0.6015625 0.04060913705583756 0.3125
15 0.8565989847715736 0.1859375 0.04060913705583756 0.2625
16 0.6928934010152284 0.89375 0.17258883248730963 0.20625
1 0.7170050761421319 0.0453125 0.1598984771573604 0.065625
18 0.6205583756345178 0.125 0.03299492385786802 0.23125
12 0.5862944162436549 0.08125 0.03553299492385787 0.146875
2 0.5913705583756346 0.575 0.04060913705583756 0.84375
3 0.5558375634517766 0.5015625 0.04060913705583756 0.990625
8 0.7182741116751269 0.3421875 0.1598984771573604 0.20625
4 0.7195431472081218 0.7578125 0.1598984771573604 0.06875
9 0.7208121827411168 0.6875 0.1598984771573604 0.075
5 0.7208121827411168 0.6234375 0.1598984771573604 0.065625
6 0.7182741116751269 0.553125 0.15736040609137056 0.078125
17 0.7195431472081218 0.48125 0.15736040609137056 0.071875
7 0.6243654822335025 0.7234375 0.03299492385786802 0.140625
14 0.6230964467005076 0.3078125 0.03299492385786802 0.140625
10 0.6230964467005076 0.446875 0.03807106598984772 0.140625
0 0.6230964467005076 0.5859375 0.03553299492385787 0.1375
13 0.41624365482233505 0.88125 0.04568527918781726 0.23125
11 0.41243654822335024 0.60625 0.04314720812182741 0.31875
15 0.4530456852791878 0.1796875 0.04314720812182741 0.265625
1 0.30583756345177665 0.0375 0.16751269035532995 0.065625
18 0.2068527918781726 0.121875 0.03807106598984772 0.234375
8 0.30710659898477155 0.3421875 0.1649746192893401 0.209375
16 0.28045685279187815 0.8984375 0.1802030456852792 0.196875
4 0.3096446700507614 0.76875 0.16751269035532995 0.06875
9 0.3096446700507614 0.6984375 0.16751269035532995 0.078125
5 0.3096446700507614 0.6296875 0.16751269035532995 0.06875
6 0.3083756345177665 0.5578125 0.16751269035532995 0.08125
17 0.3083756345177665 0.4828125 0.1649746192893401 0.071875
2 0.17385786802030456 0.575 0.04314720812182741 0.84375
3 0.1383248730964467 0.5 0.04314720812182741 0.99375
7 0.20939086294416243 0.7328125 0.03807106598984772 0.14375
0 0.20812182741116753 0.590625 0.03553299492385787 0.140625
10 0.20558375634517767 0.45 0.03553299492385787 0.140625
14 0.2068527918781726 0.309375 0.03553299492385787 0.140625
12 0.1713197969543147 0.08125 0.03553299492385787 0.15