13 0.7688802083333334 0.25341796875 0.048828125 0.16748046875
11 0.7662760416666666 0.44384765625 0.050130208333333336 0.2138671875
15 0.8229166666666666 0.724609375 0.07161458333333333 0.2607421875
16 0.6197916666666666 0.24658203125 0.193359375 0.1513671875
4 0.6529947916666666 0.34228515625 0.18229166666666666 0.0458984375
9 0.6529947916666666 0.38916015625 0.181640625 0.05224609375
5 0.65234375 0.43359375 0.18033854166666666 0.041015625
6 0.6516927083333334 0.47900390625 0.17903645833333334 0.05224609375
17 0.6516927083333334 0.52783203125 0.17838541666666666 0.04638671875
8 0.6516927083333334 0.6181640625 0.17838541666666666 0.13427734375
1 0.65234375 0.81298828125 0.17578125 0.04052734375
7 0.5436197916666666 0.36865234375 0.037109375 0.09375
0 0.5436197916666666 0.46044921875 0.037109375 0.08984375
10 0.5442708333333334 0.55029296875 0.037109375 0.09033203125
14 0.544921875 0.640625 0.037760416666666664 0.08935546875
18 0.5462239583333334 0.75927734375 0.037760416666666664 0.1484375
12 0.5091145833333334 0.78662109375 0.037760416666666664 0.09423828125
2 0.505859375 0.4560546875 0.042317708333333336 0.56640625
3 0.4680989583333333 0.50341796875 0.044270833333333336 0.66015625