11 0.6420454545454546 0.6932153392330384 0.05397727272727273 0.6076696165191741
15 0.6931818181818182 0.07227138643067847 0.05397727272727273 0.14454277286135694
4 0.5205965909090909 0.971976401179941 0.19460227272727273 0.05014749262536873
9 0.5198863636363636 0.8775811209439528 0.19318181818181818 0.14749262536873156
5 0.5198863636363636 0.7463126843657817 0.19318181818181818 0.12094395280235988
6 0.5205965909090909 0.612094395280236 0.19460227272727273 0.1592920353982301
17 0.5205965909090909 0.4616519174041298 0.19318181818181818 0.1415929203539823
8 0.5205965909090909 0.19911504424778761 0.19460227272727273 0.39823008849557523
7 0.4041193181818182 0.9011799410029498 0.041193181818181816 0.19174041297935104
0 0.4034090909090909 0.668141592920354 0.041193181818181816 0.28023598820059
10 0.4034090909090909 0.3952802359882006 0.04403409090909091 0.2713864306784661
14 0.4034090909090909 0.13126843657817108 0.045454545454545456 0.26253687315634217
2 0.36363636363636365 0.49852507374631266 0.04261363636363636 0.9970501474926253
3 0.3224431818181818 0.49852507374631266 0.04261363636363636 0.9970501474926253