15 0.1918181818181818 0.1506849315068493 0.2545454545454545 0.1187214611872146
1 0.06545454545454546 0.5776255707762558 0.06 0.4794520547945205
11 0.5981818181818181 0.273972602739726 0.3018181818181818 0.1324200913242009
13 0.8627272727272727 0.2694063926940639 0.2309090909090909 0.1278538812785388
8 0.35 0.5776255707762558 0.19272727272727272 0.4794520547945205
18 0.14454545454545453 0.867579908675799 0.21818181818181817 0.1004566210045662
4 0.7436363636363637 0.5753424657534246 0.06181818181818182 0.4840182648401826
16 0.8763636363636363 0.6621004566210046 0.20545454545454545 0.5068493150684932
7 0.7081818181818181 0.865296803652968 0.13272727272727272 0.1050228310502283
5 0.6154545454545455 0.5776255707762558 0.05818181818181818 0.4794520547945205
6 0.55 0.5776255707762558 0.07454545454545454 0.4794520547945205
17 0.47909090909090907 0.5776255707762558 0.06545454545454546 0.4794520547945205
9 0.6772727272727272 0.5753424657534246 0.07090909090909091 0.4794520547945205
0 0.5772727272727273 0.865296803652968 0.13272727272727272 0.1004566210045662
10 0.44727272727272727 0.867579908675799 0.1290909090909091 0.1004566210045662
14 0.3181818181818182 0.867579908675799 0.1290909090909091 0.1004566210045662
2 0.5772727272727273 0.954337899543379 0.8054545454545454 0.0821917808219178
12 0.10454545454545454 0.95662100456621 0.14 0.0776255707762557