13 0.8968968968968969 0.33293838862559244 0.2002002002002002 0.13270142180094788
11 0.6516516516516516 0.33293838862559244 0.2902902902902903 0.13270142180094788
15 0.2132132132132132 0.18246445497630331 0.1971971971971972 0.13270142180094788
16 0.9059059059059059 0.6587677725118484 0.18018018018018017 0.3744075829383886
4 0.7922922922922923 0.5687203791469194 0.05305305305305305 0.33649289099526064
9 0.7422422422422422 0.5687203791469194 0.05105105105105105 0.33649289099526064
5 0.6816816816816816 0.5675355450236966 0.07007007007007007 0.33886255924170616
6 0.6116116116116116 0.5687203791469194 0.07107107107107107 0.3412322274881517
17 0.5420420420420421 0.566350710900474 0.07007007007007007 0.33886255924170616
8 0.3908908908908909 0.566350710900474 0.23223223223223224 0.33886255924170616
1 0.03453453453453453 0.566350710900474 0.06406406406406406 0.33649289099526064
7 0.7657657657657657 0.7902843601895735 0.1021021021021021 0.11137440758293839
0 0.6461461461461462 0.7902843601895735 0.14014014014014015 0.11137440758293839
10 0.4964964964964965 0.7902843601895735 0.16116116116116116 0.10900473933649289
14 0.34684684684684686 0.7902843601895735 0.14314314314314314 0.11611374407582939
18 0.13863863863863865 0.7890995260663507 0.2752752752752753 0.11374407582938388
2 0.581081081081081 0.8803317535545023 0.8318318318318318 0.07819905213270142
12 0.08358358358358359 0.8803317535545023 0.16716716716716717 0.07345971563981042
3 0.498998998998999 0.9514218009478673 0.995995995995996 0.07345971563981042