15 0.8081818181818182 0.8493150684931506 0.2545454545454545 0.1187214611872146
1 0.9345454545454546 0.4223744292237443 0.06 0.4794520547945205
11 0.4018181818181818 0.726027397260274 0.3018181818181818 0.1324200913242009
13 0.13727272727272727 0.730593607305936 0.2309090909090909 0.1278538812785388
8 0.65 0.4223744292237443 0.19272727272727272 0.4794520547945205
18 0.8554545454545455 0.1324200913242009 0.21818181818181817 0.1004566210045662
4 0.25636363636363635 0.4246575342465753 0.06181818181818182 0.4840182648401826
16 0.12363636363636364 0.3378995433789954 0.20545454545454545 0.5068493150684932
7 0.2918181818181818 0.13470319634703196 0.13272727272727272 0.1050228310502283
5 0.3845454545454545 0.4223744292237443 0.05818181818181818 0.4794520547945205
6 0.45 0.4223744292237443 0.07454545454545454 0.4794520547945205
17 0.5209090909090909 0.4223744292237443 0.06545454545454546 0.4794520547945205
9 0.32272727272727275 0.4246575342465753 0.07090909090909091 0.4794520547945205
0 0.42272727272727273 0.13470319634703196 0.13272727272727272 0.1004566210045662
10 0.5527272727272727 0.1324200913242009 0.1290909090909091 0.1004566210045662
14 0.6818181818181818 0.1324200913242009 0.1290909090909091 0.1004566210045662
2 0.42272727272727273 0.045662100456621 0.8054545454545454 0.0821917808219178
12 0.8954545454545455 0.04337899543378995 0.14 0.0776255707762557