13 0.814 0.325 0.186 0.10384615384615385
11 0.589 0.31346153846153846 0.264 0.09230769230769231
15 0.234 0.2076923076923077 0.33 0.11538461538461539
4 0.714 0.5211538461538462 0.058 0.3269230769230769
9 0.655 0.5173076923076924 0.064 0.3269230769230769
5 0.599 0.5153846153846153 0.052 0.3269230769230769
6 0.543 0.5134615384615384 0.066 0.3269230769230769
17 0.482 0.5096153846153846 0.062 0.3230769230769231
8 0.368 0.5038461538461538 0.176 0.33076923076923076
1 0.119 0.49615384615384617 0.056 0.3230769230769231
18 0.185 0.6942307692307692 0.19 0.07307692307692308
14 0.337 0.698076923076923 0.116 0.07307692307692308
10 0.452 0.7038461538461539 0.116 0.07692307692307693
0 0.566 0.7096153846153846 0.114 0.07692307692307693
7 0.682 0.7173076923076923 0.12 0.07692307692307693
16 0.825 0.5884615384615385 0.168 0.35384615384615387
2 0.561 0.7807692307692308 0.696 0.10384615384615385
12 0.151 0.7596153846153846 0.124 0.06923076923076923
3 0.499 0.8480769230769231 0.822 0.11153846153846154