13 0.154296875 0.265625 0.046223958333333336 0.1513671875
11 0.1484375 0.44091796875 0.048177083333333336 0.19970703125
16 0.2890625 0.2587890625 0.18033854166666666 0.13818359375
4 0.2565104166666667 0.3466796875 0.16731770833333334 0.0419921875
9 0.255859375 0.39013671875 0.16796875 0.048828125
5 0.25390625 0.43212890625 0.16731770833333334 0.0390625
6 0.25390625 0.474609375 0.16796875 0.05126953125
17 0.251953125 0.52099609375 0.16796875 0.046875
8 0.24869791666666666 0.607421875 0.17122395833333334 0.1328125
1 0.24153645833333334 0.79638671875 0.166015625 0.04736328125
15 0.0859375 0.70458984375 0.07161458333333333 0.2490234375
7 0.3567708333333333 0.37109375 0.037109375 0.087890625
0 0.3548177083333333 0.45751953125 0.037109375 0.0859375
10 0.3515625 0.5439453125 0.038411458333333336 0.08740234375
14 0.3483072916666667 0.630859375 0.038411458333333336 0.08740234375
18 0.34375 0.748046875 0.039713541666666664 0.1474609375
2 0.388671875 0.458984375 0.052734375 0.5390625
12 0.3782552083333333 0.77587890625 0.039713541666666664 0.09521484375
3 0.4231770833333333 0.5068359375 0.056640625 0.63671875