11 0.37666666666666665 0.6788461538461539 0.045 0.6153846153846154
15 0.33416666666666667 0.06153846153846154 0.045 0.12307692307692308
4 0.48333333333333334 0.9557692307692308 0.17333333333333334 0.08076923076923077
9 0.4825 0.8461538461538461 0.17166666666666666 0.14615384615384616
8 0.4841666666666667 0.19038461538461537 0.17166666666666666 0.38076923076923075
5 0.4825 0.7173076923076923 0.17166666666666666 0.11538461538461539
6 0.4825 0.5846153846153846 0.17 0.15384615384615385
17 0.48333333333333334 0.4403846153846154 0.17 0.1423076923076923
7 0.5858333333333333 0.8846153846153846 0.03833333333333333 0.2230769230769231
2 0.6216666666666667 0.4980769230769231 0.04 0.9961538461538462
0 0.585 0.6423076923076924 0.03666666666666667 0.2692307692307692
10 0.5858333333333333 0.3769230769230769 0.03666666666666667 0.2692307692307692
14 0.5858333333333333 0.125 0.03833333333333333 0.25
3 0.6583333333333333 0.4980769230769231 0.043333333333333335 0.9961538461538462