15 0.778 0.13524590163934427 0.254 0.09836065573770492
1 0.891 0.47540983606557374 0.058 0.38114754098360654
18 0.821 0.7049180327868853 0.202 0.0860655737704918
12 0.857 0.7868852459016393 0.128 0.0778688524590164
2 0.406 0.7684426229508197 0.776 0.11065573770491803
3 0.47 0.8524590163934426 0.906 0.11065573770491803
11 0.403 0.2028688524590164 0.292 0.11885245901639344
17 0.52 0.45491803278688525 0.056 0.4016393442622951
8 0.634 0.46311475409836067 0.172 0.4016393442622951
14 0.662 0.7028688524590164 0.12 0.0860655737704918
16 0.125 0.5081967213114754 0.212 0.4262295081967213
7 0.293 0.6864754098360656 0.132 0.0860655737704918
0 0.425 0.694672131147541 0.134 0.0860655737704918
10 0.547 0.6987704918032787 0.112 0.0860655737704918
13 0.141 0.1885245901639344 0.23 0.11885245901639344
4 0.262 0.4426229508196721 0.064 0.4016393442622951
9 0.327 0.4487704918032787 0.072 0.3975409836065574
5 0.389 0.45286885245901637 0.06 0.39344262295081966
6 0.456 0.45491803278688525 0.076 0.3975409836065574