13 0.814 0.3761904761904762 0.196 0.1523809523809524
11 0.592 0.32142857142857145 0.258 0.1619047619047619
16 0.81 0.6857142857142857 0.188 0.4380952380952381
4 0.702 0.5904761904761905 0.068 0.3904761904761905
9 0.647 0.5785714285714286 0.076 0.3904761904761905
5 0.594 0.5666666666666667 0.062 0.38571428571428573
6 0.541 0.5523809523809524 0.078 0.3904761904761905
1 0.143 0.45 0.064 0.38095238095238093
8 0.375 0.5095238095238095 0.178 0.4142857142857143
17 0.483 0.5380952380952381 0.068 0.3904761904761905
7 0.662 0.8119047619047619 0.114 0.10476190476190476
0 0.554 0.7857142857142857 0.112 0.10952380952380952
10 0.446 0.7547619047619047 0.112 0.10952380952380952
14 0.338 0.7285714285714285 0.11 0.10476190476190476
18 0.197 0.6928571428571428 0.178 0.12857142857142856
12 0.161 0.7642857142857142 0.112 0.10952380952380952
2 0.55 0.861904761904762 0.668 0.24285714285714285
3 0.491 0.8904761904761904 0.782 0.20952380952380953
15 0.261 0.14285714285714285 0.216 0.14285714285714285