15 0.7712895377128953 0.2689393939393939 0.10218978102189781 0.5378787878787878
11 0.6788321167883211 0.8238636363636364 0.07785888077858881 0.3446969696969697
8 0.5474452554744526 0.45075757575757575 0.24087591240875914 0.3977272727272727
18 0.4209245742092457 0.12878787878787878 0.06326034063260341 0.25757575757575757
17 0.5389294403892944 0.7007575757575758 0.23357664233576642 0.14772727272727273
12 0.3710462287104623 0.04734848484848485 0.06082725060827251 0.0946969696969697
10 0.4002433090024331 0.6268939393939394 0.05596107055961071 0.25757575757575757
6 0.5340632603406326 0.8333333333333334 0.2360097323600973 0.1590909090909091
5 0.5316301703163017 0.946969696969697 0.2360097323600973 0.09848484848484848
0 0.3929440389294404 0.875 0.06082725060827251 0.24242424242424243
3 0.30170316301703165 0.4981060606060606 0.09732360097323602 0.9962121212121212
2 0.3491484184914842 0.5397727272727273 0.09002433090024331 0.9128787878787878
14 0.40875912408759124 0.375 0.058394160583941604 0.2537878787878788