13 0.3369140625 0.8854166666666666 0.048828125 0.2265625
11 0.3330078125 0.59765625 0.048828125 0.3541666666666667
15 0.27978515625 0.169921875 0.0595703125 0.33984375
16 0.47216796875 0.9016927083333334 0.1826171875 0.19401041666666666
4 0.4384765625 0.771484375 0.1650390625 0.07942708333333333
9 0.4384765625 0.6927083333333334 0.166015625 0.08854166666666667
2 0.57470703125 0.53515625 0.0517578125 0.9270833333333334
5 0.4365234375 0.615234375 0.166015625 0.0703125
3 0.6083984375 0.4993489583333333 0.0546875 0.9986979166666666
12 0.56591796875 0.038411458333333336 0.0419921875 0.07682291666666667
7 0.5380859375 0.732421875 0.037109375 0.16536458333333334
6 0.4365234375 0.537109375 0.1669921875 0.09635416666666667
8 0.43359375 0.2975260416666667 0.1669921875 0.24348958333333334
17 0.435546875 0.4544270833333333 0.16796875 0.0859375
0 0.53759765625 0.5703125 0.037109375 0.1640625
10 0.53662109375 0.41015625 0.0390625 0.16015625
18 0.53076171875 0.08723958333333333 0.0419921875 0.17447916666666666
14 0.53369140625 0.25390625 0.0390625 0.16015625