13 0.8287760416666666 0.70166015625 0.22330729166666666 0.03662109375
11 0.5748697916666666 0.69970703125 0.28515625 0.03759765625
15 0.20052083333333334 0.7421875 0.34765625 0.0537109375
16 0.837890625 0.58984375 0.20182291666666666 0.14501953125
4 0.7102864583333334 0.61474609375 0.061197916666666664 0.13671875
9 0.6477864583333334 0.61474609375 0.06966145833333333 0.13623046875
5 0.5885416666666666 0.6142578125 0.0546875 0.13525390625
6 0.5279947916666666 0.61376953125 0.06966145833333333 0.13427734375
17 0.462890625 0.61376953125 0.061848958333333336 0.1337890625
8 0.3424479166666667 0.61376953125 0.17903645833333334 0.1337890625
1 0.08268229166666667 0.6142578125 0.054036458333333336 0.1318359375
7 0.6751302083333334 0.53271484375 0.125 0.02783203125
0 0.552734375 0.53271484375 0.11979166666666667 0.02783203125
10 0.4329427083333333 0.533203125 0.12044270833333333 0.02783203125
14 0.3125 0.53369140625 0.119140625 0.0283203125
18 0.154296875 0.53466796875 0.19791666666666666 0.0283203125
12 0.11783854166666667 0.5068359375 0.12565104166666666 0.0283203125
2 0.55859375 0.50439453125 0.7552083333333334 0.03173828125
3 0.4954427083333333 0.47607421875 0.8802083333333334 0.033203125