13 0.21435546875 0.12239583333333333 0.1845703125 0.055989583333333336
11 0.4267578125 0.11002604166666667 0.2421875 0.061197916666666664
16 0.19580078125 0.2721354166666667 0.1796875 0.20442708333333334
4 0.30859375 0.23307291666666666 0.0537109375 0.1875
9 0.36181640625 0.22916666666666666 0.05859375 0.1875
5 0.4130859375 0.2265625 0.0478515625 0.18880208333333334
6 0.46728515625 0.22330729166666666 0.0615234375 0.18880208333333334
17 0.5244140625 0.22005208333333334 0.0595703125 0.18880208333333334
8 0.6337890625 0.21354166666666666 0.1689453125 0.19401041666666666
1 0.87255859375 0.19856770833333334 0.0751953125 0.19010416666666666
15 0.75732421875 0.0390625 0.3173828125 0.07552083333333333
7 0.3359375 0.34375 0.111328125 0.048177083333333336
0 0.44482421875 0.337890625 0.1083984375 0.044270833333333336
10 0.55419921875 0.3294270833333333 0.1142578125 0.046875
14 0.66552734375 0.3235677083333333 0.1123046875 0.045572916666666664
18 0.8154296875 0.31640625 0.1943359375 0.052083333333333336
12 0.85546875 0.3561197916666667 0.130859375 0.05078125
2 0.4482421875 0.37890625 0.693359375 0.08072916666666667
3 0.5126953125 0.4173177083333333 0.826171875 0.08723958333333333
13 0.1982421875 0.5963541666666666 0.2001953125 0.055989583333333336
11 0.4267578125 0.603515625 0.2587890625 0.059895833333333336
15 0.771484375 0.544921875 0.3193359375 0.07682291666666667
16 0.18505859375 0.7662760416666666 0.1826171875 0.22135416666666666
4 0.3017578125 0.7298177083333334 0.0537109375 0.20442708333333334
8 0.6318359375 0.7356770833333334 0.1630859375 0.20703125
1 0.8720703125 0.73828125 0.056640625 0.20572916666666666
17 0.5263671875 0.7330729166666666 0.056640625 0.20572916666666666
6 0.46630859375 0.734375 0.0634765625 0.20703125
5 0.41064453125 0.7317708333333334 0.0498046875 0.20703125
9 0.35693359375 0.73046875 0.060546875 0.20703125
2 0.43603515625 0.8984375 0.6904296875 0.049479166666666664
7 0.3310546875 0.8561197916666666 0.1142578125 0.044270833333333336
0 0.4404296875 0.857421875 0.1123046875 0.045572916666666664
18 0.80419921875 0.861328125 0.1875 0.048177083333333336
10 0.54833984375 0.857421875 0.109375 0.045572916666666664
14 0.6572265625 0.859375 0.109375 0.045572916666666664
12 0.8388671875 0.9049479166666666 0.12109375 0.045572916666666664
3 0.49365234375 0.9459635416666666 0.8154296875 0.05078125