15 0.21032504780114722 0.7583333333333333 0.3652007648183556 0.18
1 0.1089866156787763 0.445 0.0745697896749522 0.33
8 0.38718929254302104 0.515 0.2084130019120459 0.35
18 0.19789674952198852 0.2733333333333333 0.22753346080305928 0.13
4 0.7409177820267686 0.62 0.09177820267686425 0.31333333333333335
16 0.8690248565965584 0.6033333333333334 0.2237093690248566 0.37
12 0.1615678776290631 0.19333333333333333 0.1491395793499044 0.11333333333333333
2 0.6108986615678776 0.3283333333333333 0.762906309751434 0.29333333333333333
3 0.5439770554493308 0.235 0.9082217973231358 0.3433333333333333
11 0.5908221797323135 0.7666666666666667 0.2734225621414914 0.15666666666666668
17 0.505736137667304 0.55 0.08986615678776291 0.31
14 0.369980879541109 0.325 0.13001912045889102 0.10333333333333333
13 0.8298279158699808 0.8416666666666667 0.2179732313575526 0.14666666666666667
9 0.6826003824091779 0.6 0.09560229445506692 0.31
5 0.6261950286806883 0.585 0.0841300191204589 0.30666666666666664
6 0.5688336520076482 0.5683333333333334 0.09560229445506692 0.31
10 0.494263862332696 0.3616666666666667 0.12810707456978968 0.1
7 0.731357552581262 0.43333333333333335 0.12619502868068833 0.1
0 0.6137667304015296 0.39666666666666667 0.124282982791587 0.1