13 0.15875 0.6633333333333333 0.23 0.07
11 0.41875 0.6616666666666666 0.295 0.07
15 0.8025 0.7216666666666667 0.24 0.06
16 0.14875 0.455 0.2075 0.26666666666666666
2 0.4325 0.30333333333333334 0.7775 0.07
3 0.49625 0.25166666666666665 0.8975 0.07666666666666666
18 0.845 0.365 0.2 0.05333333333333334
4 0.28 0.505 0.06 0.25
1 0.91625 0.51 0.055 0.24
12 0.88375 0.31333333333333335 0.1275 0.056666666666666664
8 0.65625 0.5066666666666667 0.1825 0.24333333333333335
7 0.31625 0.35333333333333333 0.13 0.056666666666666664
0 0.44375 0.35833333333333334 0.1275 0.056666666666666664
10 0.5675 0.36 0.1275 0.056666666666666664
14 0.68875 0.36 0.12 0.056666666666666664
9 0.345 0.505 0.0725 0.25
5 0.40625 0.505 0.055 0.24666666666666667
6 0.47 0.5066666666666667 0.0725 0.24333333333333335
17 0.535 0.5066666666666667 0.06 0.24666666666666667