15 0.16016713091922005 0.8090909090909091 0.2757660167130919 0.09090909090909091
13 0.8788300835654597 0.7909090909090909 0.2395543175487465 0.10909090909090909
16 0.8941504178272981 0.5136363636363637 0.20612813370473537 0.37272727272727274
8 0.30919220055710306 0.5522727272727272 0.233983286908078 0.32727272727272727
18 0.09749303621169916 0.3522727272727273 0.1894150417827298 0.07272727272727272
12 0.05013927576601671 0.2818181818181818 0.0947075208913649 0.07272727272727272
2 0.5431754874651811 0.2909090909090909 0.9080779944289693 0.09090909090909091
3 0.5 0.21136363636363636 0.9944289693593314 0.09545454545454546
11 0.5947075208913649 0.7704545454545455 0.3370473537604457 0.10454545454545454
17 0.4596100278551532 0.5590909090909091 0.07799442896935933 0.32272727272727275
6 0.5431754874651811 0.5613636363636364 0.08913649025069638 0.33181818181818185
10 0.4192200557103064 0.3568181818181818 0.1615598885793872 0.07727272727272727
14 0.26323119777158777 0.35454545454545455 0.1532033426183844 0.07272727272727272
5 0.616991643454039 0.5636363636363636 0.07242339832869081 0.33181818181818185
0 0.5779944289693594 0.3613636363636364 0.15877437325905291 0.07272727272727272
9 0.6908077994428969 0.5681818181818182 0.0947075208913649 0.33181818181818185
4 0.766016713091922 0.5681818181818182 0.09192200557103064 0.33636363636363636
7 0.7367688022284122 0.36363636363636365 0.1615598885793872 0.07272727272727272
1 0.027855153203342618 0.5386363636363637 0.05013927576601671 0.3090909090909091