13 0.354 0.71 0.038 0.38333333333333336
16 0.482 0.7683333333333333 0.172 0.39666666666666667
7 0.553 0.48833333333333334 0.04 0.24
4 0.454 0.5316666666666666 0.162 0.13333333333333333
9 0.455 0.4216666666666667 0.162 0.14
5 0.456 0.31333333333333335 0.164 0.11333333333333333
6 0.456 0.205 0.162 0.13666666666666666
17 0.458 0.08666666666666667 0.162 0.11666666666666667
11 0.356 0.275 0.042 0.49666666666666665
2 0.593 0.49 0.054 0.98
0 0.555 0.25833333333333336 0.04 0.23333333333333334
3 0.631 0.49666666666666665 0.054 0.9933333333333333
10 0.558 0.075 0.04 0.15
13 0.783 0.7933333333333333 0.034 0.4066666666666667
11 0.784 0.31 0.028 0.5666666666666667