13 0.3775 0.8983333333333333 0.055 0.19666666666666666
11 0.37875 0.6083333333333333 0.0525 0.3933333333333333
15 0.33375 0.13 0.0475 0.26
16 0.53375 0.9133333333333333 0.2025 0.16666666666666666
2 0.6475 0.5333333333333333 0.055 0.9266666666666666
3 0.68625 0.49833333333333335 0.0575 0.9966666666666667
18 0.60125 0.08833333333333333 0.0425 0.17666666666666667
4 0.49625 0.7933333333333333 0.1875 0.08
12 0.64 0.03833333333333333 0.045 0.07666666666666666
8 0.495 0.2916666666666667 0.1825 0.24333333333333335
7 0.61 0.745 0.0425 0.17333333333333334
0 0.60625 0.575 0.0425 0.17
10 0.605 0.41 0.0425 0.17
14 0.605 0.24833333333333332 0.0425 0.16
9 0.49625 0.7066666666666667 0.1875 0.09666666666666666
5 0.49625 0.625 0.185 0.07333333333333333
6 0.495 0.54 0.1825 0.09666666666666666
17 0.495 0.4533333333333333 0.185 0.08