13 0.8416666666666667 0.8455555555555555 0.15333333333333332 0.04888888888888889
11 0.6625 0.8533333333333334 0.20666666666666667 0.05333333333333334
15 0.38416666666666666 0.9022222222222223 0.185 0.04666666666666667
16 0.85 0.7066666666666667 0.14 0.18666666666666668
4 0.7608333333333334 0.74 0.043333333333333335 0.17555555555555555
9 0.7158333333333333 0.7411111111111112 0.04833333333333333 0.17555555555555555
5 0.6733333333333333 0.7433333333333333 0.04 0.17777777777777778
6 0.6291666666666667 0.7466666666666667 0.05333333333333334 0.17333333333333334
17 0.5808333333333333 0.7466666666666667 0.04666666666666667 0.17777777777777778
8 0.49083333333333334 0.7488888888888889 0.13666666666666666 0.17555555555555555
1 0.2991666666666667 0.75 0.04833333333333333 0.17333333333333334
7 0.7383333333333333 0.6355555555555555 0.08833333333333333 0.03777777777777778
0 0.6491666666666667 0.6388888888888888 0.09 0.042222222222222223
10 0.5591666666666667 0.6433333333333333 0.09166666666666666 0.04
14 0.4675 0.6455555555555555 0.09166666666666666 0.03777777777777778
18 0.34833333333333333 0.6455555555555555 0.14666666666666667 0.03777777777777778
2 0.6441666666666667 0.6011111111111112 0.555 0.051111111111111114
12 0.32083333333333336 0.6077777777777778 0.095 0.04
3 0.5975 0.5644444444444444 0.6516666666666666 0.051111111111111114
13 0.845 0.39 0.16 0.04888888888888889
11 0.6608333333333334 0.39222222222222225 0.21166666666666667 0.051111111111111114
15 0.375 0.44222222222222224 0.20166666666666666 0.04666666666666667
16 0.8525 0.24222222222222223 0.14 0.19333333333333333
4 0.7608333333333334 0.27444444444444444 0.04666666666666667 0.18444444444444444
9 0.7166666666666667 0.27444444444444444 0.04833333333333333 0.18666666666666668
5 0.6725 0.27555555555555555 0.04 0.18666666666666668
6 0.6266666666666667 0.27555555555555555 0.05333333333333334 0.18444444444444444
17 0.5775 0.27555555555555555 0.04666666666666667 0.18666666666666668
8 0.48583333333333334 0.27555555555555555 0.13833333333333334 0.18666666666666668
1 0.2875 0.2822222222222222 0.043333333333333335 0.18222222222222223
7 0.7375 0.1622222222222222 0.09 0.04
0 0.6466666666666666 0.16444444444444445 0.09333333333333334 0.04
10 0.5533333333333333 0.16333333333333333 0.09166666666666666 0.04
14 0.4625 0.16444444444444445 0.09 0.04
18 0.3425 0.17222222222222222 0.15 0.044444444444444446
2 0.6425 0.12777777777777777 0.56 0.04888888888888889
12 0.315 0.13555555555555557 0.095 0.042222222222222223
3 0.595 0.09111111111111111 0.6566666666666666 0.051111111111111114