11 0.6098418277680141 0.3104166666666667 0.05272407732864675 0.6208333333333333
9 0.4903339191564148 0.07916666666666666 0.19332161687170474 0.15833333333333333
5 0.48945518453427067 0.21875 0.19156414762741653 0.1375
6 0.48945518453427067 0.37083333333333335 0.19156414762741653 0.175
17 0.48945518453427067 0.5375 0.19156414762741653 0.15833333333333333
8 0.4903339191564148 0.8041666666666667 0.19332161687170474 0.38333333333333336
7 0.37434094903339193 0.075 0.0421792618629174 0.15
0 0.37346221441124783 0.3020833333333333 0.040421792618629174 0.3125
10 0.37346221441124783 0.6125 0.040421792618629174 0.30833333333333335
14 0.37434094903339193 0.88125 0.0421792618629174 0.22916666666666666
2 0.3330404217926186 0.4979166666666667 0.040421792618629174 0.9958333333333333
3 0.3022847100175747 0.4979166666666667 0.02460456942003515 0.9958333333333333