13 0.8164473684210526 0.20833333333333334 0.20394736842105263 0.10555555555555556
15 0.21644736842105264 0.10277777777777777 0.2394736842105263 0.09444444444444444
11 0.5802631578947368 0.20555555555555555 0.26973684210526316 0.10555555555555556
8 0.35855263157894735 0.45694444444444443 0.1723684210526316 0.4
1 0.10723684210526316 0.45555555555555555 0.05263157894736842 0.4
16 0.8263157894736842 0.5333333333333333 0.18289473684210528 0.4222222222222222
4 0.7078947368421052 0.4597222222222222 0.05394736842105263 0.4
7 0.6763157894736842 0.7013888888888888 0.11710526315789474 0.08333333333333333
0 0.5605263157894737 0.7013888888888888 0.11447368421052631 0.08611111111111111
6 0.5368421052631579 0.4583333333333333 0.06710526315789474 0.4
17 0.475 0.45694444444444443 0.06184210526315789 0.4
5 0.594078947368421 0.4597222222222222 0.05 0.4
9 0.65 0.4597222222222222 0.06315789473684211 0.4
10 0.44605263157894737 0.7 0.11710526315789474 0.08333333333333333
18 0.1769736842105263 0.6986111111111111 0.19210526315789472 0.08611111111111111
14 0.32960526315789473 0.7 0.11578947368421053 0.08333333333333333
12 0.14078947368421052 0.7833333333333333 0.12236842105263158 0.08333333333333333
2 0.5592105263157895 0.7861111111111111 0.7144736842105263 0.08888888888888889
3 0.4980263157894737 0.8694444444444445 0.8394736842105263 0.09166666666666666