13 0.8166666666666667 0.7902439024390244 0.20416666666666666 0.1073170731707317
11 0.5802083333333333 0.7902439024390244 0.2708333333333333 0.1073170731707317
15 0.21354166666666666 0.8902439024390244 0.24375 0.1024390243902439
16 0.8260416666666667 0.4634146341463415 0.18333333333333332 0.424390243902439
4 0.7083333333333334 0.5365853658536586 0.05625 0.4
9 0.65 0.5365853658536586 0.0625 0.4
5 0.5947916666666667 0.5365853658536586 0.052083333333333336 0.3951219512195122
6 0.5364583333333334 0.5365853658536586 0.06666666666666667 0.4
17 0.47604166666666664 0.5365853658536586 0.06041666666666667 0.40487804878048783
8 0.359375 0.5365853658536586 0.17291666666666666 0.4
1 0.109375 0.5341463414634147 0.05416666666666667 0.4
7 0.6770833333333334 0.2951219512195122 0.11875 0.08292682926829269
0 0.5614583333333333 0.2975609756097561 0.11458333333333333 0.08780487804878048
10 0.44583333333333336 0.2926829268292683 0.11666666666666667 0.08780487804878048
14 0.3302083333333333 0.2926829268292683 0.11666666666666667 0.08292682926829269
18 0.178125 0.2951219512195122 0.19375 0.08292682926829269
2 0.5614583333333333 0.2121951219512195 0.7125 0.08292682926829269
12 0.14375 0.2121951219512195 0.125 0.08780487804878048
3 0.49895833333333334 0.12682926829268293 0.8354166666666667 0.08780487804878048