15 0.27 0.9106666666666666 0.082 0.176
13 0.346 0.13133333333333333 0.062 0.26266666666666666
16 0.526 0.112 0.238 0.224
7 0.6155 0.32 0.052 0.20933333333333334
5 0.481 0.466 0.217 0.088
6 0.48 0.5646666666666667 0.217 0.11733333333333333
17 0.478 0.6713333333333333 0.218 0.108
9 0.4815 0.37 0.219 0.10933333333333334
4 0.483 0.26866666666666666 0.219 0.09733333333333333
11 0.3425 0.488 0.062 0.4573333333333333
8 0.4765 0.8573333333333333 0.219 0.2826666666666667
2 0.6595 0.49933333333333335 0.069 0.9986666666666667
10 0.6095 0.7266666666666667 0.049 0.20666666666666667
14 0.6075 0.9113333333333333 0.049 0.17466666666666666
0 0.6125 0.5253333333333333 0.05 0.20266666666666666
3 0.7085 0.49933333333333335 0.073 0.9986666666666667