15 0.6528 0.8768656716417911 0.0448 0.244136460554371
1 0.522 0.9712153518123667 0.1416 0.05543710021321962
7 0.4508 0.3368869936034115 0.0328 0.13646055437100213
11 0.6288 0.458955223880597 0.0512 0.3304904051172708
8 0.5292 0.7116204690831557 0.1472 0.21748400852878466
18 0.4396 0.894456289978678 0.0328 0.208955223880597
13 0.6384 0.16471215351812366 0.0512 0.25692963752665243
16 0.5176 0.15511727078891258 0.1608 0.22707889125799574
17 0.5324 0.5778251599147122 0.1448 0.08102345415778252
5 0.5356 0.43710021321961623 0.1472 0.0650319829424307
6 0.534 0.5047974413646056 0.1464 0.08635394456289978
9 0.538 0.37100213219616207 0.1488 0.07889125799573561
4 0.54 0.3006396588486141 0.1472 0.06716417910447761
12 0.4124 0.9275053304904051 0.0288 0.13752665245202558
2 0.4212 0.4600213219616205 0.0448 0.8070362473347548
3 0.3928 0.5245202558635395 0.0424 0.929637526652452
14 0.4428 0.7297441364605544 0.0304 0.13219616204690832
10 0.4448 0.6018123667377399 0.032 0.13539445628997868
0 0.4476 0.4701492537313433 0.032 0.13326226012793177