15 0.678 0.06422018348623854 0.048 0.12844036697247707
2 0.382 0.49770642201834864 0.04 0.9954128440366973
3 0.347 0.49770642201834864 0.042 0.9954128440366973
7 0.419 0.8876146788990825 0.038 0.21559633027522937
0 0.418 0.6490825688073395 0.038 0.2706422018348624
10 0.419 0.38073394495412843 0.036 0.26605504587155965
14 0.419 0.12385321100917432 0.038 0.24770642201834864
4 0.523 0.9587155963302753 0.174 0.07339449541284404
9 0.522 0.8509174311926605 0.172 0.14678899082568808
8 0.524 0.1926605504587156 0.176 0.3853211009174312
17 0.523 0.44954128440366975 0.172 0.13761467889908258
5 0.522 0.7247706422018348 0.172 0.11467889908256881
6 0.523 0.591743119266055 0.172 0.1559633027522936
11 0.63 0.6880733944954128 0.044 0.6192660550458715