11 0.6124031007751938 0.6807692307692308 0.06589147286821706 0.5076923076923077
15 0.687015503875969 0.12692307692307692 0.06395348837209303 0.25384615384615383
16 0.45930232558139533 0.9576923076923077 0.18604651162790697 0.07692307692307693
4 0.499031007751938 0.8961538461538462 0.16279069767441862 0.1346153846153846
9 0.5048449612403101 0.7884615384615384 0.16085271317829458 0.15
5 0.5116279069767442 0.6846153846153846 0.16279069767441862 0.13076923076923078
6 0.5155038759689923 0.5769230769230769 0.16085271317829458 0.15
17 0.5232558139534884 0.4653846153846154 0.16085271317829458 0.14615384615384616
8 0.5319767441860465 0.25384615384615383 0.17248062015503876 0.3423076923076923
7 0.40794573643410853 0.8173076923076923 0.046511627906976744 0.22692307692307692
0 0.41957364341085274 0.6038461538461538 0.044573643410852716 0.21923076923076923
10 0.4312015503875969 0.3923076923076923 0.044573643410852716 0.2230769230769231
14 0.4428294573643411 0.17884615384615385 0.04263565891472868 0.21923076923076923
18 0.4583333333333333 0.04038461538461539 0.05232558139534884 0.08076923076923077
2 0.3866279069767442 0.4980769230769231 0.1065891472868217 0.9961538461538462
3 0.36143410852713176 0.4980769230769231 0.1182170542635659 0.9961538461538462