13 0.28125 0.1 0.06875 0.2
11 0.26171875 0.415625 0.0765625 0.44583333333333336
15 0.18046875 0.8541666666666666 0.0859375 0.2875
7 0.5265625 0.2833333333333333 0.0578125 0.20833333333333334
0 0.51484375 0.48020833333333335 0.059375 0.20208333333333334
10 0.50234375 0.675 0.059375 0.19583333333333333
2 0.56171875 0.49895833333333334 0.1328125 0.9979166666666667
3 0.59921875 0.49895833333333334 0.1484375 0.9979166666666667
14 0.4875 0.8604166666666667 0.05625 0.19583333333333333
18 0.47421875 0.9729166666666667 0.0640625 0.05
16 0.45546875 0.090625 0.2453125 0.18125
4 0.403125 0.21666666666666667 0.2140625 0.10833333333333334
8 0.3734375 0.7916666666666666 0.215625 0.3125
9 0.3984375 0.315625 0.2125 0.12916666666666668
5 0.39375 0.409375 0.209375 0.10833333333333334
6 0.3875 0.50625 0.2125 0.1375
17 0.3828125 0.6072916666666667 0.209375 0.12708333333333333