13 0.794 0.7647058823529411 0.204 0.09243697478991597
11 0.555 0.7668067226890757 0.272 0.10084033613445378
15 0.201 0.8550420168067226 0.226 0.08823529411764706
16 0.811 0.47058823529411764 0.186 0.38235294117647056
4 0.691 0.5357142857142857 0.058 0.36134453781512604
9 0.632 0.5357142857142857 0.064 0.36554621848739494
5 0.574 0.5336134453781513 0.054 0.36554621848739494
6 0.514 0.5357142857142857 0.066 0.36554621848739494
17 0.449 0.5336134453781513 0.06 0.36554621848739494
8 0.331 0.5357142857142857 0.176 0.36134453781512604
1 0.075 0.5399159663865546 0.06 0.35714285714285715
7 0.661 0.3172268907563025 0.122 0.08403361344537816
0 0.541 0.3130252100840336 0.122 0.07983193277310924
10 0.419 0.31512605042016806 0.122 0.08403361344537816
14 0.299 0.31512605042016806 0.118 0.09243697478991597
18 0.142 0.31932773109243695 0.194 0.08403361344537816
2 0.537 0.23949579831932774 0.738 0.07983193277310924
3 0.475 0.1638655462184874 0.864 0.08823529411764706
12 0.106 0.24369747899159663 0.126 0.07142857142857142