13 0.8198198198198198 0.7883116883116883 0.2072072072072072 0.10909090909090909
11 0.5822072072072072 0.7883116883116883 0.2713963963963964 0.10649350649350649
15 0.21002252252252251 0.8857142857142857 0.2545045045045045 0.0987012987012987
16 0.8316441441441441 0.4649350649350649 0.18355855855855857 0.4155844155844156
4 0.7117117117117117 0.538961038961039 0.05630630630630631 0.3974025974025974
9 0.6531531531531531 0.538961038961039 0.06306306306306306 0.3974025974025974
5 0.598536036036036 0.538961038961039 0.05067567567567568 0.3974025974025974
6 0.5399774774774775 0.5376623376623376 0.06756756756756757 0.4
17 0.4774774774774775 0.538961038961039 0.060810810810810814 0.3974025974025974
8 0.3614864864864865 0.538961038961039 0.17454954954954954 0.3974025974025974
1 0.10585585585585586 0.5363636363636364 0.05405405405405406 0.3948051948051948
0 0.5658783783783784 0.3 0.11486486486486487 0.08311688311688312
10 0.44932432432432434 0.2987012987012987 0.11824324324324324 0.08571428571428572
14 0.33164414414414417 0.2987012987012987 0.11486486486486487 0.08571428571428572
18 0.17736486486486486 0.2974025974025974 0.19369369369369369 0.08831168831168831
2 0.5647522522522522 0.21558441558441557 0.7207207207207207 0.08051948051948052
12 0.14132882882882883 0.21558441558441557 0.12387387387387387 0.08571428571428572
3 0.5033783783783784 0.13376623376623376 0.8457207207207207 0.08571428571428572
7 0.6818693693693694 0.3 0.11824324324324324 0.08311688311688312