13 0.81640625 0.798828125 0.21223958333333334 0.0390625
16 0.818359375 0.69384765625 0.19466145833333334 0.13525390625
4 0.7018229166666666 0.71728515625 0.059244791666666664 0.12451171875
9 0.6471354166666666 0.71728515625 0.06575520833333333 0.123046875
5 0.5950520833333334 0.71630859375 0.051432291666666664 0.1220703125
6 0.54296875 0.716796875 0.06380208333333333 0.12109375
17 0.4856770833333333 0.71728515625 0.056640625 0.12060546875
8 0.3795572916666667 0.71923828125 0.16015625 0.123046875
1 0.14583333333333334 0.7255859375 0.054036458333333336 0.11865234375
18 0.20833333333333334 0.6533203125 0.18229166666666666 0.02978515625
14 0.3515625 0.64892578125 0.10611979166666667 0.02734375
10 0.45703125 0.64599609375 0.10611979166666667 0.02685546875
0 0.5618489583333334 0.64404296875 0.10481770833333333 0.02587890625
7 0.66796875 0.642578125 0.10872395833333333 0.025390625
2 0.5670572916666666 0.6201171875 0.6666666666666666 0.03955078125
3 0.505859375 0.5966796875 0.7819010416666666 0.0439453125
12 0.17513020833333334 0.62939453125 0.11783854166666667 0.02783203125
11 0.5865885416666666 0.794921875 0.251953125 0.0361328125
15 0.2578125 0.837890625 0.3209635416666667 0.0546875