11 0.625 0.687012987012987 0.0472972972972973 0.6207792207792208
15 0.6672297297297297 0.06363636363636363 0.04391891891891892 0.12727272727272726
4 0.5168918918918919 0.9597402597402598 0.17342342342342343 0.07532467532467532
9 0.5168918918918919 0.8532467532467533 0.17229729729729729 0.14545454545454545
5 0.5168918918918919 0.7272727272727273 0.17229729729729729 0.11688311688311688
6 0.5163288288288288 0.5922077922077922 0.17342342342342343 0.15584415584415584
17 0.5168918918918919 0.44805194805194803 0.17229729729729729 0.14025974025974025
8 0.5168918918918919 0.19220779220779222 0.17342342342342343 0.38441558441558443
0 0.4132882882882883 0.6519480519480519 0.036036036036036036 0.2649350649350649
10 0.4127252252252252 0.38311688311688313 0.037162162162162164 0.2727272727272727
14 0.4132882882882883 0.12337662337662338 0.038288288288288286 0.24675324675324675
2 0.37725225225225223 0.4987012987012987 0.036036036036036036 0.9974025974025974
3 0.34121621621621623 0.4987012987012987 0.038288288288288286 0.9974025974025974
7 0.41385135135135137 0.8896103896103896 0.037162162162162164 0.21558441558441557