13 0.185 0.2075098814229249 0.20333333333333334 0.11067193675889328
16 0.17083333333333334 0.5375494071146245 0.18333333333333332 0.4268774703557312
8 0.6441666666666667 0.46047430830039526 0.17833333333333334 0.4150197628458498
4 0.2916666666666667 0.46047430830039526 0.055 0.40711462450592883
9 0.35 0.4624505928853755 0.06333333333333334 0.40711462450592883
5 0.405 0.46047430830039526 0.051666666666666666 0.40711462450592883
6 0.4633333333333333 0.46047430830039526 0.06666666666666667 0.40711462450592883
17 0.5258333333333334 0.46047430830039526 0.06 0.40711462450592883
11 0.4216666666666667 0.2015810276679842 0.27166666666666667 0.11067193675889328
2 0.44166666666666665 0.7924901185770751 0.7216666666666667 0.08300395256916997
3 0.5041666666666667 0.8794466403162056 0.8483333333333334 0.09090909090909091
1 0.9008333333333334 0.46047430830039526 0.056666666666666664 0.4150197628458498
18 0.8291666666666667 0.7075098814229249 0.19833333333333333 0.08695652173913043
7 0.32166666666666666 0.7075098814229249 0.11833333333333333 0.08695652173913043
0 0.43833333333333335 0.7075098814229249 0.11666666666666667 0.08695652173913043
10 0.555 0.7075098814229249 0.11833333333333333 0.08695652173913043
14 0.6725 0.7075098814229249 0.11666666666666667 0.08695652173913043
12 0.865 0.7924901185770751 0.12666666666666668 0.08695652173913043
15 0.7833333333333333 0.09090909090909091 0.235 0.11462450592885376