13 0.948 0.6535 0.084 0.105
11 0.908 0.5325 0.094 0.148
4 0.975 0.5915 0.046 0.045
9 0.969 0.5615 0.058 0.051
5 0.965 0.532 0.066 0.044
6 0.96 0.4995 0.076 0.053
17 0.955 0.4665 0.086 0.053
8 0.939 0.4 0.118 0.12
1 0.923 0.264 0.15 0.026
15 0.778 0.3415 0.138 0.183
15 0.285 0.384 0.164 0.195
13 0.491 0.694 0.092 0.101
16 0.637 0.6855 0.226 0.103
2 0.696 0.533 0.182 0.378
3 0.72 0.4905 0.206 0.454
16 0.501 0.4495 0.228 0.113
11 0.437 0.577 0.11 0.14
4 0.582 0.632 0.19 0.042
7 0.683 0.607 0.062 0.06
0 0.66 0.548 0.064 0.064
10 0.635 0.4865 0.064 0.066
14 0.611 0.423 0.066 0.068
18 0.575 0.333 0.088 0.12
9 0.568 0.6035 0.194 0.049
5 0.555 0.5755 0.196 0.042
6 0.543 0.546 0.198 0.051
17 0.529 0.5135 0.2 0.049
1 0.44 0.3045 0.21 0.053
12 0.61 0.308 0.074 0.079