13 0.16731770833333334 0.708984375 0.044921875 0.15087890625
11 0.169921875 0.53369140625 0.047526041666666664 0.2001953125
16 0.3053385416666667 0.7197265625 0.18033854166666666 0.1376953125
4 0.2740885416666667 0.630859375 0.17122395833333334 0.04052734375
9 0.2766927083333333 0.58740234375 0.17057291666666666 0.0478515625
5 0.27734375 0.5458984375 0.17057291666666666 0.0380859375
6 0.27734375 0.50341796875 0.17122395833333334 0.0498046875
17 0.2786458333333333 0.45751953125 0.171875 0.04541015625
8 0.279296875 0.3701171875 0.17122395833333334 0.1328125
1 0.283203125 0.17919921875 0.171875 0.04296875
7 0.3782552083333333 0.60888671875 0.037109375 0.0859375
0 0.3795572916666667 0.52294921875 0.037109375 0.08544921875
10 0.3821614583333333 0.4375 0.037109375 0.0869140625
14 0.3834635416666667 0.35107421875 0.037109375 0.0869140625
18 0.384765625 0.2333984375 0.037109375 0.1474609375
2 0.4147135416666667 0.521484375 0.047526041666666664 0.53369140625
3 0.451171875 0.47412109375 0.049479166666666664 0.62744140625
12 0.4212239583333333 0.20654296875 0.037760416666666664 0.09375
15 0.1171875 0.25927734375 0.06510416666666667 0.255859375