13 0.84296875 0.7731629392971247 0.225 0.10223642172523961
11 0.58359375 0.7795527156549521 0.296875 0.10543130990415335
15 0.18046875 0.8881789137380192 0.265625 0.10862619808306709
16 0.853125 0.46325878594249204 0.203125 0.402555910543131
4 0.72421875 0.536741214057508 0.059375 0.38338658146964855
9 0.66015625 0.5351437699680511 0.06875 0.3865814696485623
5 0.5984375 0.536741214057508 0.059375 0.38338658146964855
6 0.53359375 0.536741214057508 0.0703125 0.3769968051118211
17 0.4671875 0.5399361022364217 0.0671875 0.3769968051118211
8 0.33828125 0.5399361022364217 0.1921875 0.3801916932907348
1 0.06171875 0.547923322683706 0.0578125 0.3769968051118211
7 0.6890625 0.305111821086262 0.128125 0.08306709265175719
0 0.5609375 0.3083067092651757 0.1296875 0.08626198083067092
10 0.43125 0.30990415335463256 0.128125 0.08306709265175719
14 0.3046875 0.31309904153354634 0.1265625 0.08306709265175719
18 0.13671875 0.31629392971246006 0.209375 0.08306709265175719
2 0.56015625 0.2268370607028754 0.790625 0.08945686900958466
3 0.49140625 0.14696485623003194 0.928125 0.09584664536741214
12 0.096875 0.23322683706070288 0.1375 0.08945686900958466