13 0.5546296296296296 0.8347222222222223 0.03333333333333333 0.22916666666666666
11 0.5583333333333333 0.5729166666666666 0.03425925925925926 0.29583333333333334
16 0.45416666666666666 0.8597222222222223 0.1361111111111111 0.2263888888888889
15 0.5944444444444444 0.1701388888888889 0.03425925925925926 0.2763888888888889
1 0.4888888888888889 0.03680555555555556 0.12777777777777777 0.07361111111111111
18 0.4115740740740741 0.1076388888888889 0.030555555555555555 0.2152777777777778
12 0.3851851851851852 0.06527777777777778 0.03148148148148148 0.13055555555555556
8 0.48518518518518516 0.32083333333333336 0.12407407407407407 0.20972222222222223
7 0.40555555555555556 0.6875 0.02962962962962963 0.1375
2 0.37777777777777777 0.5493055555555556 0.03981481481481482 0.8541666666666666
5 0.48148148148148145 0.5902777777777778 0.12407407407407407 0.05694444444444444
6 0.4824074074074074 0.5243055555555556 0.12314814814814815 0.0763888888888889
17 0.48333333333333334 0.4534722222222222 0.12314814814814815 0.07222222222222222
0 0.40694444444444444 0.5520833333333334 0.02962962962962963 0.1361111111111111
4 0.4791666666666667 0.7208333333333333 0.12314814814814815 0.06805555555555555
9 0.48009259259259257 0.6548611111111111 0.12314814814814815 0.07361111111111111
3 0.350462962962963 0.4909722222222222 0.041666666666666664 0.9819444444444444
14 0.41064814814814815 0.28125 0.028703703703703703 0.1375
10 0.40879629629629627 0.41597222222222224 0.02962962962962963 0.1388888888888889