13 0.17825704225352113 0.3015625 0.24119718309859156 0.090625
11 0.44630281690140844 0.30703125 0.2966549295774648 0.0984375
15 0.827024647887324 0.16484375 0.34419014084507044 0.1859375
16 0.15933098591549297 0.58984375 0.2262323943661972 0.38125
4 0.3032570422535211 0.51953125 0.06338028169014084 0.3421875
9 0.37059859154929575 0.51796875 0.07394366197183098 0.34375
5 0.43309859154929575 0.51875 0.05721830985915493 0.3390625
6 0.4951584507042254 0.52109375 0.07394366197183098 0.33125
17 0.5625 0.51796875 0.07130281690140845 0.3375
8 0.6919014084507042 0.50390625 0.19454225352112675 0.3609375
1 0.9722711267605634 0.49375 0.05369718309859155 0.3703125
7 0.33934859154929575 0.728125 0.13732394366197184 0.0765625
0 0.46919014084507044 0.7234375 0.12411971830985916 0.075
10 0.5959507042253521 0.7203125 0.12852112676056338 0.0734375
14 0.7253521126760564 0.72109375 0.13204225352112675 0.0765625
18 0.8934859154929577 0.71953125 0.21038732394366197 0.084375
2 0.46434859154929575 0.80390625 0.8362676056338029 0.0984375
12 0.940580985915493 0.79921875 0.11707746478873239 0.0921875
3 0.5206866197183099 0.8796875 0.9568661971830986 0.1046875