15 0.3244 0.8656716417910447 0.0424 0.26652452025586354
13 0.3396 0.15671641791044777 0.0504 0.25692963752665243
11 0.3496 0.4450959488272921 0.048 0.31982942430703626
16 0.4604 0.1460554371002132 0.1568 0.2260127931769723
8 0.4472 0.6929637526652452 0.144 0.208955223880597
18 0.5328 0.8726012793176973 0.0264 0.2025586353944563
1 0.452 0.9578891257995735 0.1408 0.08208955223880597
5 0.4416 0.4248400852878465 0.1456 0.06396588486140725
14 0.532 0.7116204690831557 0.028 0.1279317697228145
6 0.4428 0.49093816631130066 0.1448 0.08315565031982942
17 0.4436 0.5628997867803838 0.144 0.07782515991471216
10 0.5292 0.585820895522388 0.0312 0.1300639658848614
12 0.5596 0.902452025586354 0.0272 0.1300639658848614
2 0.5552 0.44402985074626866 0.0352 0.7953091684434968
3 0.582 0.5053304904051172 0.0336 0.908315565031983
9 0.44 0.35927505330490406 0.1456 0.07569296375266525
4 0.4384 0.2894456289978678 0.148 0.0650319829424307
7 0.5268 0.326226012793177 0.0304 0.13432835820895522
0 0.5284 0.4573560767590618 0.0304 0.1300639658848614