13 0.8776041666666666 0.2607421875 0.06510416666666667 0.16748046875
11 0.8626302083333334 0.4453125 0.059244791666666664 0.20068359375
15 0.9055989583333334 0.70849609375 0.06510416666666667 0.24365234375
4 0.7578125 0.34912109375 0.177734375 0.0419921875
9 0.7545572916666666 0.39306640625 0.17578125 0.046875
5 0.751953125 0.43505859375 0.171875 0.03662109375
6 0.7506510416666666 0.4775390625 0.169921875 0.04833984375
17 0.75 0.52294921875 0.16861979166666666 0.0439453125
14 0.7493489583333334 0.60791015625 0.16666666666666666 0.12744140625
1 0.748046875 0.79541015625 0.16276041666666666 0.04248046875
16 0.732421875 0.25439453125 0.19661458333333334 0.15087890625
7 0.6510416666666666 0.373046875 0.038411458333333336 0.0869140625
0 0.6484375 0.458984375 0.03515625 0.083984375
10 0.6477864583333334 0.54345703125 0.034505208333333336 0.08544921875
14 0.6477864583333334 0.62841796875 0.03515625 0.0849609375
18 0.6484375 0.744140625 0.03515625 0.14599609375
2 0.6171875 0.453125 0.041666666666666664 0.5419921875
12 0.6139322916666666 0.77099609375 0.035807291666666664 0.09423828125
3 0.5807291666666666 0.5009765625 0.038411458333333336 0.63427734375