13 0.8188888888888889 0.7959183673469388 0.20666666666666667 0.10714285714285714
11 0.5811111111111111 0.8010204081632653 0.27111111111111114 0.10204081632653061
15 0.21222222222222223 0.9081632653061225 0.2577777777777778 0.10204081632653061
16 0.83 0.4744897959183674 0.18666666666666668 0.413265306122449
4 0.7111111111111111 0.5510204081632653 0.05555555555555555 0.4030612244897959
9 0.6544444444444445 0.5510204081632653 0.06444444444444444 0.3979591836734694
5 0.5977777777777777 0.5510204081632653 0.051111111111111114 0.4030612244897959
6 0.54 0.5510204081632653 0.06666666666666667 0.3979591836734694
17 0.4777777777777778 0.5510204081632653 0.06 0.3979591836734694
8 0.3611111111111111 0.5535714285714286 0.17555555555555555 0.3979591836734694
1 0.10777777777777778 0.5561224489795918 0.05555555555555555 0.3979591836734694
7 0.68 0.3086734693877551 0.11777777777777777 0.08673469387755102
0 0.5633333333333334 0.3086734693877551 0.11777777777777777 0.08673469387755102
10 0.4477777777777778 0.3137755102040816 0.11777777777777777 0.08673469387755102
14 0.33 0.3137755102040816 0.11555555555555555 0.08673469387755102
18 0.17777777777777778 0.3137755102040816 0.19333333333333333 0.08163265306122448
2 0.5633333333333334 0.23214285714285715 0.72 0.09183673469387756
12 0.1411111111111111 0.23214285714285715 0.12222222222222222 0.08673469387755102
3 0.5 0.14285714285714285 0.8444444444444444 0.08673469387755102