13 0.199 0.08603491271820449 0.054 0.17206982543640897
11 0.197 0.3640897755610973 0.052 0.38403990024937656
15 0.148 0.8516209476309227 0.048 0.29177057356608477
4 0.32 0.17955112219451372 0.194 0.0798004987531172
9 0.32 0.26184538653366585 0.196 0.08977556109725686
5 0.32 0.3428927680798005 0.196 0.07481296758104738
6 0.321 0.4251870324189526 0.196 0.09226932668329177
17 0.32 0.513715710723192 0.196 0.08478802992518704
8 0.32 0.6783042394014963 0.196 0.24438902743142144
7 0.439 0.2231920199501247 0.042 0.16708229426433915
0 0.439 0.38902743142144636 0.042 0.16458852867830423
10 0.439 0.5548628428927681 0.042 0.16708229426433915
14 0.439 0.7194513715710723 0.042 0.16458852867830423
18 0.438 0.899002493765586 0.044 0.1970074812967581
12 0.479 0.9476309226932669 0.042 0.09975062344139651
2 0.481 0.45012468827930174 0.042 0.9002493765586035
3 0.522 0.49875311720698257 0.044 0.9975062344139651
16 0.358 0.07107231920199501 0.208 0.14214463840399003