13 0.1925925925925926 0.24584717607973422 0.20296296296296296 0.09966777408637874
15 0.78 0.11461794019933555 0.3333333333333333 0.13953488372093023
11 0.42592592592592593 0.23920265780730898 0.2637037037037037 0.10299003322259136
16 0.1837037037037037 0.5498338870431894 0.18222222222222223 0.3953488372093023
8 0.642962962962963 0.4717607973421927 0.17037037037037037 0.37209302325581395
4 0.2992592592592593 0.47840531561461797 0.05333333333333334 0.3754152823920266
9 0.35703703703703704 0.47674418604651164 0.06074074074074074 0.3754152823920266
0 0.4437037037037037 0.6993355481727574 0.11407407407407408 0.07973421926910298
5 0.4111111111111111 0.47674418604651164 0.05037037037037037 0.37209302325581395
6 0.46814814814814815 0.4750830564784053 0.06518518518518518 0.3754152823920266
17 0.5296296296296297 0.4750830564784053 0.05925925925925926 0.37209302325581395
1 0.8888888888888888 0.46677740863787376 0.05333333333333334 0.37209302325581395
12 0.8555555555555555 0.7724252491694352 0.12148148148148148 0.08305647840531562
18 0.8214814814814815 0.6943521594684385 0.18814814814814815 0.08305647840531562
10 0.5577777777777778 0.6976744186046512 0.11555555555555555 0.07973421926910298
14 0.6718518518518518 0.6960132890365448 0.11259259259259259 0.07973421926910298
7 0.33111111111111113 0.7026578073089701 0.11407407407407408 0.07973421926910298
2 0.4444444444444444 0.7790697674418605 0.7037037037037037 0.09302325581395349
3 0.5051851851851852 0.8571428571428571 0.8237037037037037 0.09634551495016612