15 0.78 0.040625 0.345 0.0525
15 0.7808333333333334 0.37125 0.3416666666666667 0.05125
15 0.7766666666666666 0.695 0.3466666666666667 0.0475
11 0.4116666666666667 0.083125 0.275 0.035
11 0.41333333333333333 0.413125 0.2733333333333333 0.035
11 0.41333333333333333 0.735625 0.275 0.03375
13 0.16916666666666666 0.083125 0.21166666666666667 0.035
13 0.17333333333333334 0.413125 0.20833333333333334 0.03625
13 0.17666666666666667 0.7375 0.19833333333333333 0.03375
2 0.435 0.916875 0.7116666666666667 0.03375
2 0.43416666666666665 0.599375 0.7166666666666667 0.0275
2 0.43 0.273125 0.7283333333333334 0.0275
3 0.495 0.941875 0.8316666666666667 0.03625
3 0.495 0.62625 0.84 0.02875
3 0.4925 0.299375 0.8516666666666667 0.02875
16 0.16 0.190625 0.19 0.13875
16 0.16416666666666666 0.51875 0.185 0.13625
16 0.17 0.839375 0.18666666666666668 0.13375
4 0.2816666666666667 0.166875 0.056666666666666664 0.1325
9 0.3408333333333333 0.166875 0.06333333333333334 0.13125
8 0.6358333333333334 0.1675 0.175 0.13125
8 0.6358333333333334 0.495 0.175 0.12875
8 0.635 0.8125 0.17166666666666666 0.125
9 0.3416666666666667 0.495 0.06666666666666667 0.13
4 0.2841666666666667 0.495 0.056666666666666664 0.13
9 0.3475 0.815 0.06333333333333334 0.12375
4 0.29 0.815625 0.056666666666666664 0.12625
5 0.3975 0.16625 0.05 0.13125
5 0.39916666666666667 0.495 0.051666666666666666 0.13
5 0.4008333333333333 0.814375 0.051666666666666666 0.125
6 0.4558333333333333 0.16625 0.06833333333333333 0.13125
6 0.45666666666666667 0.495 0.06833333333333333 0.13
6 0.46 0.81375 0.06666666666666667 0.125
17 0.52 0.813125 0.058333333333333334 0.125
17 0.5191666666666667 0.495 0.06 0.12875
17 0.5191666666666667 0.166875 0.06166666666666667 0.13125
1 0.8908333333333334 0.16625 0.055 0.12875
1 0.8891666666666667 0.49375 0.055 0.12875
1 0.8841666666666667 0.81 0.055 0.125
18 0.815 0.88625 0.19 0.02625
18 0.8191666666666667 0.57125 0.195 0.0275
18 0.8208333333333333 0.245 0.19666666666666666 0.02875
12 0.8566666666666667 0.27125 0.12666666666666668 0.0275
12 0.8541666666666666 0.598125 0.125 0.0275
12 0.8508333333333333 0.911875 0.12 0.0275
7 0.32083333333333336 0.890625 0.115 0.0275
7 0.31583333333333335 0.5725 0.11666666666666667 0.02625
7 0.3125 0.245625 0.12 0.02625
0 0.43 0.245625 0.11833333333333333 0.0275
0 0.4325 0.5725 0.11833333333333333 0.0275
0 0.43666666666666665 0.89 0.115 0.0275
10 0.55 0.88875 0.115 0.0275
10 0.5491666666666667 0.5725 0.11666666666666667 0.0275
10 0.5475 0.245625 0.11833333333333333 0.0275
14 0.6641666666666667 0.24625 0.11666666666666667 0.0275
14 0.665 0.5725 0.115 0.02625
14 0.665 0.8875 0.11166666666666666 0.02625