13 0.8991935483870968 0.7257217847769029 0.19959677419354838 0.14960629921259844
11 0.655241935483871 0.7283464566929134 0.2923387096774194 0.14435695538057744
15 0.19959677419354838 0.9146981627296588 0.16431451612903225 0.12335958005249344
16 0.9097782258064516 0.3674540682414698 0.17842741935483872 0.4146981627296588
4 0.7953629032258065 0.4671916010498688 0.05040322580645161 0.3700787401574803
9 0.7459677419354839 0.4671916010498688 0.05141129032258065 0.3753280839895013
5 0.6844758064516129 0.4671916010498688 0.0715725806451613 0.37270341207349084
6 0.6139112903225806 0.468503937007874 0.0715725806451613 0.3779527559055118
17 0.5433467741935484 0.468503937007874 0.07056451612903226 0.3779527559055118
8 0.39264112903225806 0.468503937007874 0.23286290322580644 0.3779527559055118
1 0.03326612903225806 0.468503937007874 0.06350806451612903 0.37270341207349084
7 0.7701612903225806 0.22178477690288714 0.10080645161290322 0.12598425196850394
0 0.6496975806451613 0.22178477690288714 0.14213709677419356 0.12335958005249344
10 0.49848790322580644 0.22178477690288714 0.1622983870967742 0.11811023622047244
14 0.3472782258064516 0.22178477690288714 0.14112903225806453 0.12335958005249344
18 0.13911290322580644 0.2230971128608924 0.2762096774193548 0.12073490813648294
2 0.5821572580645161 0.1220472440944882 0.8336693548387096 0.08661417322834646
12 0.08366935483870967 0.12335958005249344 0.16532258064516128 0.08398950131233596
3 0.5 0.04330708661417323 0.9979838709677419 0.08136482939632546