11 0.425 0.29523809523809524 0.07 0.5904761904761905
4 0.539 0.05238095238095238 0.166 0.10476190476190476
9 0.533 0.15 0.164 0.18095238095238095
5 0.528 0.2761904761904762 0.162 0.14761904761904762
6 0.522 0.4023809523809524 0.164 0.18571428571428572
8 0.504 0.7904761904761904 0.176 0.4095238095238095
17 0.516 0.5404761904761904 0.164 0.1619047619047619
7 0.631 0.1261904761904762 0.046 0.2523809523809524
0 0.62 0.37142857142857144 0.046 0.26666666666666666
10 0.607 0.6285714285714286 0.046 0.26666666666666666
14 0.597 0.8738095238095238 0.046 0.24285714285714285
2 0.652 0.4976190476190476 0.104 0.9952380952380953
3 0.665 0.4976190476190476 0.09 0.9952380952380953
15 0.351 0.9023809523809524 0.062 0.18571428571428572