13 0.19661458333333334 0.7705078125 0.201171875 0.03564453125
11 0.4309895833333333 0.77392578125 0.2682291666666667 0.03564453125
15 0.7890625 0.82275390625 0.34375 0.056640625
4 0.302734375 0.6923828125 0.054036458333333336 0.12744140625
9 0.3606770833333333 0.6923828125 0.06315104166666667 0.12744140625
5 0.4173177083333333 0.693359375 0.050130208333333336 0.12744140625
6 0.4739583333333333 0.693359375 0.06640625 0.1279296875
17 0.5364583333333334 0.6943359375 0.059895833333333336 0.1279296875
8 0.6536458333333334 0.6962890625 0.17643229166666666 0.130859375
1 0.9114583333333334 0.69970703125 0.059244791666666664 0.1279296875
7 0.3346354166666667 0.61572265625 0.11653645833333333 0.02685546875
0 0.4505208333333333 0.6162109375 0.11458333333333333 0.02734375
10 0.56640625 0.61767578125 0.11783854166666667 0.0283203125
14 0.6842447916666666 0.61962890625 0.11783854166666667 0.02880859375
18 0.8424479166666666 0.62158203125 0.19986979166666666 0.0283203125
16 0.185546875 0.66845703125 0.18229166666666666 0.134765625
2 0.455078125 0.5908203125 0.7213541666666666 0.0341796875
12 0.8795572916666666 0.5947265625 0.12760416666666666 0.02880859375
3 0.51953125 0.564453125 0.8528645833333334 0.0341796875