13 0.09183673469387756 0.29291553133514986 0.17959183673469387 0.1444141689373297
11 0.44285714285714284 0.2683923705722071 0.5346938775510204 0.15258855585831063
15 0.9459183673469388 0.14168937329700274 0.10408163265306122 0.09264305177111716
4 0.20612244897959184 0.5735694822888283 0.1306122448979592 0.46321525885558584
9 0.32346938775510203 0.5640326975476839 0.14285714285714285 0.4604904632152589
5 0.4336734693877551 0.5544959128065395 0.11836734693877551 0.45231607629427795
6 0.5448979591836735 0.5449591280653951 0.14489795918367346 0.44959128065395093
17 0.6622448979591836 0.5354223433242506 0.12653061224489795 0.44141689373297005
8 0.8540816326530613 0.5190735694822888 0.28775510204081634 0.44959128065395093
7 0.28061224489795916 0.8419618528610354 0.23265306122448978 0.11989100817438691
0 0.5071428571428571 0.8174386920980926 0.22653061224489796 0.11716621253405994
10 0.7255102040816327 0.7915531335149864 0.21428571428571427 0.11716621253405994
14 0.9122448979591836 0.7697547683923706 0.17142857142857143 0.11171662125340599
2 0.5 0.8991825613079019 0.9959183673469387 0.19618528610354224
16 0.08571428571428572 0.6689373297002725 0.1673469387755102 0.4986376021798365
3 0.5622448979591836 0.9455040871934605 0.8714285714285714 0.10354223433242507