13 0.18833333333333332 0.21153846153846154 0.20333333333333334 0.10384615384615385
11 0.4225 0.2153846153846154 0.26666666666666666 0.10384615384615385
15 0.7783333333333333 0.11538461538461539 0.22666666666666666 0.1
16 0.175 0.5307692307692308 0.18333333333333332 0.4153846153846154
4 0.2925 0.4596153846153846 0.055 0.39615384615384613
9 0.35 0.4596153846153846 0.06333333333333334 0.39615384615384613
8 0.6391666666666667 0.4634615384615385 0.17166666666666666 0.3923076923076923
5 0.4058333333333333 0.4596153846153846 0.05 0.39615384615384613
6 0.4633333333333333 0.4596153846153846 0.06666666666666667 0.3923076923076923
17 0.5258333333333334 0.46153846153846156 0.06166666666666667 0.3923076923076923
1 0.8916666666666667 0.4653846153846154 0.056666666666666664 0.3923076923076923
7 0.3225 0.6961538461538461 0.11666666666666667 0.08461538461538462
2 0.4375 0.7788461538461539 0.7116666666666667 0.08846153846153847
0 0.43833333333333335 0.6961538461538461 0.11666666666666667 0.08461538461538462
10 0.5533333333333333 0.698076923076923 0.11666666666666667 0.08461538461538462
14 0.6675 0.698076923076923 0.11666666666666667 0.08461538461538462
18 0.8216666666666667 0.7 0.195 0.08846153846153847
3 0.49916666666666665 0.8634615384615385 0.8366666666666667 0.09615384615384616
12 0.8558333333333333 0.7826923076923077 0.125 0.08076923076923077