11 0.5909090909090909 0.317351598173516 0.05454545454545454 0.634703196347032
8 0.4690909090909091 0.815068493150685 0.19272727272727272 0.3607305936073059
7 0.35454545454545455 0.0730593607305936 0.04363636363636364 0.1461187214611872
5 0.4690909090909091 0.2100456621004566 0.19090909090909092 0.1461187214611872
6 0.4690909090909091 0.3744292237442922 0.19090909090909092 0.1872146118721461
17 0.4690909090909091 0.5525114155251142 0.19090909090909092 0.1643835616438356
9 0.4709090909090909 0.0730593607305936 0.19272727272727272 0.1461187214611872
0 0.35454545454545455 0.3059360730593607 0.04 0.3333333333333333
10 0.35363636363636364 0.632420091324201 0.04 0.3242009132420091
14 0.35363636363636364 0.8949771689497716 0.04181818181818182 0.2009132420091324
2 0.3190909090909091 0.4977168949771689 0.034545454545454546 0.9954337899543378