15 0.3353733170134639 0.1451990632318501 0.06854345165238677 0.2903981264637002
11 0.39412484700122397 0.6920374707259953 0.05018359853121175 0.5644028103044496
8 0.5122399020807834 0.22833723653395785 0.18604651162790697 0.3629976580796253
17 0.511015911872705 0.4707259953161593 0.18727050183598531 0.12646370023419204
6 0.5122399020807834 0.6018735362997658 0.18727050183598531 0.13817330210772832
10 0.6242350061199511 0.4098360655737705 0.03916768665850673 0.24355971896955503
7 0.6248470012239902 0.8840749414519906 0.04039167686658507 0.22716627634660422
0 0.6248470012239902 0.6498829039812647 0.03916768665850673 0.24121779859484777
5 0.5128518971848225 0.7201405152224825 0.18604651162790697 0.10772833723653395
9 0.5128518971848225 0.8372365339578455 0.18604651162790697 0.1358313817330211
4 0.5122399020807834 0.949648711943794 0.18727050183598531 0.09601873536299765
2 0.664014687882497 0.49882903981264637 0.042839657282741736 0.9976580796252927
3 0.7037943696450428 0.49882903981264637 0.044063647490820076 0.9976580796252927
14 0.6236230110159119 0.16744730679156908 0.03916768665850673 0.24355971896955503