13 0.7231481481481481 0.41805555555555557 0.1527777777777778 0.05
11 0.5486111111111112 0.4125 0.19722222222222222 0.05138888888888889
16 0.7398148148148148 0.56875 0.15092592592592594 0.20416666666666666
15 0.2800925925925926 0.35833333333333334 0.18425925925925926 0.05138888888888889
1 0.1865740740740741 0.5166666666666667 0.05740740740740741 0.19027777777777777
18 0.23148148148148148 0.6326388888888889 0.15555555555555556 0.044444444444444446
12 0.20046296296296295 0.6729166666666667 0.10462962962962963 0.04583333333333333
8 0.38055555555555554 0.5222222222222223 0.1398148148148148 0.18611111111111112
7 0.625 0.6416666666666667 0.09166666666666666 0.044444444444444446
2 0.5328703703703703 0.6833333333333333 0.5694444444444444 0.059722222222222225
5 0.5601851851851852 0.5277777777777778 0.03796296296296296 0.18611111111111112
6 0.5162037037037037 0.5263888888888889 0.05092592592592592 0.18472222222222223
17 0.4689814814814815 0.525 0.04814814814814815 0.18472222222222223
0 0.5347222222222222 0.6395833333333333 0.09074074074074075 0.044444444444444446
4 0.6472222222222223 0.53125 0.04537037037037037 0.18472222222222223
9 0.6032407407407407 0.5298611111111111 0.049074074074074076 0.18472222222222223
3 0.4828703703703704 0.725 0.675 0.06111111111111111
14 0.3541666666666667 0.6340277777777777 0.09166666666666666 0.043055555555555555
10 0.4439814814814815 0.6368055555555555 0.09259259259259259 0.044444444444444446