15 0.8705 0.8073333333333333 0.257 0.108
13 0.188 0.706 0.266 0.08133333333333333
16 0.1665 0.466 0.251 0.316
7 0.365 0.346 0.157 0.06933333333333333
5 0.4745 0.5253333333333333 0.066 0.28933333333333333
6 0.5485 0.5266666666666666 0.088 0.28933333333333333
17 0.6285 0.5293333333333333 0.081 0.2906666666666667
9 0.4025 0.5246666666666666 0.082 0.292
4 0.3265 0.5226666666666666 0.073 0.292
11 0.491 0.71 0.343 0.08266666666666667
8 0.7755 0.532 0.227 0.2906666666666667
2 0.512 0.288 0.957 0.09066666666666667
18 0.9435 0.3626666666666667 0.111 0.06533333333333333
10 0.67 0.354 0.155 0.06533333333333333
14 0.819 0.35733333333333334 0.151 0.064
0 0.519 0.35 0.152 0.06666666666666667
3 0.5135 0.22266666666666668 0.971 0.096
12 0.989 0.302 0.02 0.06266666666666666