13 0.19 0.3586666666666667 0.196 0.06133333333333333
11 0.418 0.3586666666666667 0.256 0.06133333333333333
15 0.767 0.29733333333333334 0.238 0.064
16 0.178 0.5413333333333333 0.182 0.23733333333333334
4 0.295 0.49733333333333335 0.054 0.22133333333333333
9 0.353 0.49866666666666665 0.062 0.22133333333333333
5 0.408 0.49866666666666665 0.048 0.22133333333333333
6 0.463 0.49866666666666665 0.062 0.22133333333333333
7 0.327 0.632 0.116 0.048
0 0.439 0.632 0.11 0.04533333333333334
10 0.548 0.6306666666666667 0.108 0.04533333333333334
14 0.658 0.6293333333333333 0.108 0.048
18 0.806 0.6293333333333333 0.188 0.048
2 0.434 0.6786666666666666 0.692 0.05333333333333334
1 0.875 0.49733333333333335 0.054 0.224
17 0.52 0.49866666666666665 0.052 0.21866666666666668
8 0.63 0.49866666666666665 0.168 0.21866666666666668
3 0.494 0.724 0.812 0.05333333333333334
12 0.839 0.6746666666666666 0.12 0.04533333333333334