15 0.7733333333333333 0.9312896405919662 0.26166666666666666 0.0507399577167019
13 0.13416666666666666 0.8742071881606766 0.21666666666666667 0.05919661733615222
11 0.38416666666666666 0.8752642706131079 0.285 0.0613107822410148
8 0.6166666666666667 0.7293868921775899 0.18166666666666667 0.23044397463002114
1 0.8816666666666667 0.7304439746300211 0.05333333333333334 0.22832980972515857
18 0.8091666666666667 0.5919661733615222 0.20166666666666666 0.048625792811839326
12 0.845 0.5443974630021141 0.13 0.048625792811839326
14 0.6466666666666666 0.5930232558139535 0.12333333333333334 0.048625792811839326
10 0.525 0.5919661733615222 0.12333333333333334 0.0507399577167019
17 0.49416666666666664 0.7315010570824524 0.065 0.22832980972515857
6 0.42833333333333334 0.7304439746300211 0.07 0.22832980972515857
16 0.12333333333333334 0.6881606765327696 0.19333333333333333 0.24312896405919662
4 0.2475 0.7293868921775899 0.06 0.22832980972515857
9 0.30916666666666665 0.7304439746300211 0.065 0.23044397463002114
5 0.36833333333333335 0.7283298097251586 0.055 0.22832980972515857
0 0.4033333333333333 0.5909090909090909 0.12333333333333334 0.0507399577167019
7 0.28 0.5909090909090909 0.125 0.0507399577167019
2 0.4025 0.5433403805496829 0.7583333333333333 0.0507399577167019
3 0.4658333333333333 0.49577167019027485 0.885 0.052854122621564484