13 0.24083333333333334 0.9255555555555556 0.03833333333333333 0.14444444444444443
11 0.235 0.7166666666666667 0.04 0.27555555555555555
15 0.19833333333333333 0.34555555555555556 0.035 0.24666666666666667
16 0.3458333333333333 0.9355555555555556 0.14166666666666666 0.12444444444444444
4 0.32 0.8477777777777777 0.13166666666666665 0.057777777777777775
9 0.31916666666666665 0.7877777777777778 0.13166666666666665 0.06444444444444444
5 0.3175 0.7311111111111112 0.13333333333333333 0.05333333333333334
6 0.315 0.6722222222222223 0.13 0.07111111111111111
17 0.315 0.6077777777777778 0.13333333333333333 0.06222222222222222
8 0.31333333333333335 0.48777777777777775 0.13166666666666665 0.18222222222222223
1 0.3125 0.23222222222222222 0.13 0.06444444444444444
7 0.3983333333333333 0.8177777777777778 0.028333333333333332 0.11777777777777777
0 0.3958333333333333 0.6988888888888889 0.03166666666666667 0.12
10 0.3925 0.5788888888888889 0.03 0.12222222222222222
14 0.3908333333333333 0.45666666666666667 0.028333333333333332 0.12222222222222222
18 0.3908333333333333 0.29777777777777775 0.028333333333333332 0.19555555555555557
2 0.425 0.66 0.04 0.6755555555555556
12 0.4191666666666667 0.2611111111111111 0.03 0.12666666666666668
3 0.45166666666666666 0.5966666666666667 0.04 0.8022222222222222
13 0.5825 0.9255555555555556 0.03833333333333333 0.14444444444444443
11 0.5808333333333333 0.7144444444444444 0.03833333333333333 0.2822222222222222
15 0.5433333333333333 0.3333333333333333 0.035 0.2688888888888889
16 0.6933333333333334 0.9366666666666666 0.14666666666666667 0.12222222222222222
4 0.6691666666666667 0.8477777777777777 0.13833333333333334 0.06222222222222222
9 0.6691666666666667 0.7888888888888889 0.14 0.06444444444444444
5 0.6683333333333333 0.73 0.14 0.05333333333333334
6 0.6683333333333333 0.6688888888888889 0.13833333333333334 0.07111111111111111
17 0.6683333333333333 0.6033333333333334 0.14 0.06222222222222222
8 0.6683333333333333 0.4811111111111111 0.14 0.18444444444444444
1 0.6633333333333333 0.21666666666666667 0.13666666666666666 0.057777777777777775
7 0.7533333333333333 0.8166666666666667 0.03 0.12
0 0.7516666666666667 0.6955555555555556 0.03 0.12444444444444444
10 0.7525 0.5711111111111111 0.03 0.12222222222222222
14 0.7516666666666667 0.45 0.03 0.12
18 0.7458333333333333 0.29 0.03333333333333333 0.2
2 0.7791666666666667 0.6566666666666666 0.03833333333333333 0.6822222222222222
12 0.7733333333333333 0.25333333333333335 0.03166666666666667 0.12666666666666668
3 0.8066666666666666 0.5933333333333334 0.04 0.8088888888888889