13 0.18992248062015504 0.3269230769230769 0.1937984496124031 0.12307692307692308
11 0.40891472868217055 0.27692307692307694 0.2558139534883721 0.13076923076923078
15 0.7344961240310077 0.12884615384615383 0.21705426356589147 0.12307692307692308
16 0.19476744186046513 0.5807692307692308 0.18604651162790697 0.36538461538461536
4 0.3003875968992248 0.5019230769230769 0.06782945736434108 0.3230769230769231
9 0.3546511627906977 0.49038461538461536 0.0755813953488372 0.3192307692307692
5 0.4069767441860465 0.47692307692307695 0.06589147286821706 0.3230769230769231
6 0.46124031007751937 0.46923076923076923 0.0755813953488372 0.3192307692307692
17 0.5174418604651163 0.45384615384615384 0.07364341085271318 0.3192307692307692
8 0.624031007751938 0.43653846153846154 0.17248062015503876 0.3423076923076923
1 0.8527131782945736 0.38461538461538464 0.06395348837209303 0.31153846153846154
7 0.34011627906976744 0.6826923076923077 0.11434108527131782 0.09230769230769231
0 0.4476744186046512 0.6596153846153846 0.11046511627906977 0.08846153846153847
10 0.5542635658914729 0.6365384615384615 0.1124031007751938 0.08846153846153847
14 0.6618217054263565 0.6134615384615385 0.11046511627906977 0.08461538461538462
18 0.8003875968992248 0.5846153846153846 0.17635658914728683 0.1
2 0.45155038759689925 0.725 0.6647286821705426 0.2076923076923077
12 0.8352713178294574 0.6403846153846153 0.11434108527131782 0.08461538461538462
3 0.5087209302325582 0.7769230769230769 0.7713178294573644 0.23076923076923078