15 0.68 0.8878923766816144 0.06 0.21524663677130046
11 0.63 0.3475336322869955 0.044 0.5919282511210763
8 0.526 0.8183856502242153 0.168 0.3542600896860987
4 0.525 0.06278026905829596 0.17 0.12556053811659193
9 0.524 0.1905829596412556 0.168 0.13901345291479822
5 0.524 0.31614349775784756 0.166 0.11210762331838565
6 0.525 0.4439461883408072 0.166 0.14798206278026907
17 0.525 0.57847533632287 0.166 0.13004484304932734
7 0.424 0.13228699551569506 0.04 0.2645739910313901
0 0.424 0.38789237668161436 0.036 0.2556053811659193
10 0.425 0.6434977578475336 0.038 0.2600896860986547
14 0.428 0.8834080717488789 0.04 0.2242152466367713
2 0.389 0.4977578475336323 0.046 0.9955156950672646
3 0.353 0.4977578475336323 0.05 0.9955156950672646