11 0.634375 0.2993311036789298 0.05 0.5986622073578596
15 0.69375 0.862876254180602 0.06875 0.26755852842809363
4 0.5171875 0.023411371237458192 0.190625 0.046822742474916385
9 0.5171875 0.11872909698996656 0.1875 0.1505016722408027
5 0.5171875 0.2508361204013378 0.1859375 0.12040133779264214
6 0.51796875 0.3862876254180602 0.1859375 0.15384615384615385
17 0.51796875 0.5317725752508361 0.1859375 0.14046822742474915
8 0.51953125 0.7959866220735786 0.1859375 0.4013377926421405
7 0.40546875 0.09698996655518395 0.0390625 0.1939799331103679
0 0.40546875 0.3311036789297659 0.0390625 0.27424749163879597
10 0.40625 0.6020066889632107 0.040625 0.2709030100334448
14 0.41015625 0.8662207357859532 0.0421875 0.2608695652173913
2 0.36484375 0.4983277591973244 0.0484375 0.9966555183946488
3 0.328125 0.4983277591973244 0.053125 0.9966555183946488