13 0.1525096525096525 0.2809278350515464 0.22007722007722008 0.06701030927835051
11 0.4034749034749035 0.2809278350515464 0.28185328185328185 0.06701030927835051
15 0.7915057915057915 0.20103092783505155 0.3783783783783784 0.09278350515463918
16 0.14092664092664092 0.4742268041237113 0.19305019305019305 0.25257731958762886
4 0.26640926640926643 0.43041237113402064 0.05791505791505792 0.23195876288659795
9 0.3281853281853282 0.43041237113402064 0.06177606177606178 0.23711340206185566
5 0.3861003861003861 0.4329896907216495 0.05405405405405406 0.23711340206185566
6 0.44787644787644787 0.4329896907216495 0.0694980694980695 0.23711340206185566
17 0.5135135135135135 0.4329896907216495 0.06563706563706563 0.2422680412371134
8 0.637065637065637 0.43556701030927836 0.18532818532818532 0.2422680412371134
1 0.9111969111969112 0.43556701030927836 0.06177606177606178 0.24742268041237114
7 0.2953667953667954 0.5747422680412371 0.11969111969111969 0.05670103092783505
0 0.42084942084942084 0.5773195876288659 0.12355212355212356 0.05670103092783505
10 0.5444015444015444 0.5798969072164949 0.12355212355212356 0.05670103092783505
14 0.667953667953668 0.5798969072164949 0.12355212355212356 0.05154639175257732
18 0.8378378378378378 0.5850515463917526 0.21235521235521235 0.05670103092783505
2 0.4247104247104247 0.6288659793814433 0.7606177606177607 0.05670103092783505
12 0.8745173745173745 0.634020618556701 0.13513513513513514 0.05154639175257732
3 0.4942084942084942 0.6752577319587629 0.8996138996138996 0.061855670103092786