13 0.052 0.3465 0.084 0.105
11 0.092 0.4675 0.094 0.148
4 0.025 0.4095 0.05 0.045
9 0.03 0.4395 0.06 0.051
5 0.034 0.469 0.068 0.044
6 0.039 0.5005 0.078 0.053
17 0.045 0.5345 0.09 0.053
8 0.06 0.601 0.12 0.12
1 0.077 0.737 0.154 0.026
15 0.222 0.6585 0.138 0.183
15 0.715 0.616 0.164 0.195
13 0.509 0.306 0.092 0.101
16 0.363 0.3145 0.226 0.103
2 0.304 0.467 0.182 0.378
3 0.28 0.5095 0.206 0.454
16 0.499 0.5505 0.228 0.113
11 0.563 0.423 0.11 0.14
4 0.418 0.368 0.19 0.042
7 0.317 0.393 0.062 0.06
0 0.34 0.452 0.064 0.064
10 0.365 0.5135 0.064 0.066
14 0.389 0.577 0.066 0.068
18 0.425 0.667 0.088 0.12
9 0.432 0.3965 0.194 0.049
5 0.445 0.4245 0.196 0.042
6 0.457 0.454 0.198 0.051
17 0.471 0.4865 0.2 0.049
1 0.56 0.6955 0.21 0.053
12 0.39 0.692 0.074 0.079