15 0.21865443425076453 0.15714285714285714 0.06422018348623854 0.3142857142857143
18 0.4877675840978593 0.0673469387755102 0.045871559633027525 0.1346938775510204
8 0.3761467889908257 0.2653061224489796 0.18042813455657492 0.2653061224489796
11 0.25535168195718655 0.5816326530612245 0.0581039755351682 0.3836734693877551
13 0.2415902140672783 0.8836734693877552 0.06116207951070336 0.22448979591836735
14 0.481651376146789 0.22040816326530613 0.04281345565749235 0.1836734693877551
16 0.3853211009174312 0.9020408163265307 0.2018348623853211 0.18775510204081633
2 0.5122324159021406 0.5020408163265306 0.0764525993883792 0.9877551020408163
3 0.5565749235474006 0.49795918367346936 0.0856269113149847 0.9959183673469387
6 0.36850152905198774 0.5285714285714286 0.1743119266055046 0.11020408163265306
17 0.37155963302752293 0.43673469387755104 0.17737003058103976 0.09387755102040816
9 0.3623853211009174 0.6959183673469388 0.17737003058103976 0.11020408163265306
4 0.35932721712538224 0.7816326530612245 0.18042813455657492 0.10204081632653061
5 0.363914373088685 0.6122448979591837 0.17737003058103976 0.08979591836734693
7 0.46788990825688076 0.7489795918367347 0.04281345565749235 0.17959183673469387
0 0.4709480122324159 0.573469387755102 0.04281345565749235 0.17551020408163265
10 0.47706422018348627 0.3979591836734694 0.039755351681957186 0.17551020408163265
1 0.7507645259938838 0.1836734693877551 0.21712538226299694 0.10612244897959183
8 0.7262996941896025 0.6122448979591837 0.22935779816513763 0.3142857142857143
18 0.8562691131498471 0.3020408163265306 0.03058103975535168 0.34285714285714286
17 0.7155963302752294 0.7979591836734694 0.21100917431192662 0.15510204081632653
10 0.8440366972477065 0.7816326530612245 0.05504587155963303 0.22448979591836735
14 0.8501529051987767 0.5755102040816327 0.04281345565749235 0.21224489795918366
5 0.7064220183486238 0.9571428571428572 0.20795107033639143 0.07755102040816327
6 0.7110091743119266 0.9040816326530612 0.20795107033639143 0.17959183673469387
0 0.8348623853211009 0.9346938775510204 0.06116207951070336 0.12244897959183673
16 0.14984709480122324 0.18571428571428572 0.04892966360856269 0.17551020408163265
7 0.1712538226299694 0.15714285714285714 0.021406727828746176 0.07755102040816327
4 0.154434250764526 0.0836734693877551 0.0581039755351682 0.1673469387755102
9 0.154434250764526 0.04285714285714286 0.0581039755351682 0.08571428571428572