13 0.12871287128712872 0.7986577181208053 0.25742574257425743 0.10642377756471716
11 0.42417926003126627 0.7842761265580057 0.33559145388223033 0.11984659635666348
15 0.8340281396560709 0.8849472674976031 0.33090151120375194 0.15532118887823587
16 0.11386138613861387 0.48082454458293383 0.2245961438249088 0.4247363374880153
4 0.25716519020323086 0.5469798657718121 0.0771235018238666 0.3930968360498562
9 0.33194372068785827 0.5445829338446788 0.08494007295466388 0.3950143815915628
5 0.40281396560708704 0.5421860019175455 0.06774361646690985 0.39213806327900286
6 0.47498697238144866 0.538830297219559 0.08494007295466388 0.3930968360498562
17 0.5526315789473685 0.534515819750719 0.0760812923397603 0.38926174496644295
8 0.6974986972381448 0.5278044103547459 0.21730067743616466 0.39213806327900286
1 0.9867118290776447 0.5158197507190796 0.02553413236060448 0.3835091083413231
7 0.29338196977592496 0.3072866730584851 0.15268368942157373 0.09300095877277086
0 0.4416362688900469 0.3034515819750719 0.14695153725898905 0.08820709491850431
10 0.5883272537780094 0.2972195589645254 0.1474726420010422 0.08820709491850431
14 0.7337154768108389 0.29242569511025884 0.1453882230328296 0.08820709491850431
18 0.9020323084940073 0.28427612655800577 0.1948931735278791 0.087248322147651
2 0.44762897342365815 0.22003835091083412 0.8936946326211569 0.11313518696069032
12 0.9460656591974987 0.20230105465004794 0.1068264721208963 0.0862895493767977
3 0.49973944762897343 0.13518696069031638 0.9994788952579469 0.10930009587727708