13 0.1923828125 0.2819010416666667 0.20703125 0.06380208333333333
11 0.4267578125 0.27734375 0.265625 0.06510416666666667
15 0.7802734375 0.20572916666666666 0.3193359375 0.078125
16 0.17138671875 0.4622395833333333 0.2001953125 0.2421875
4 0.29638671875 0.41796875 0.0595703125 0.22005208333333334
9 0.35546875 0.41796875 0.06640625 0.22135416666666666
2 0.44287109375 0.599609375 0.7568359375 0.06770833333333333
5 0.41357421875 0.4153645833333333 0.052734375 0.22135416666666666
3 0.5068359375 0.64453125 0.888671875 0.07161458333333333
12 0.88232421875 0.5872395833333334 0.1279296875 0.0546875
1 0.900390625 0.4036458333333333 0.072265625 0.21744791666666666
7 0.32568359375 0.55078125 0.1240234375 0.049479166666666664
6 0.47216796875 0.4153645833333333 0.072265625 0.22265625
8 0.65185546875 0.4114583333333333 0.1826171875 0.22265625
17 0.5341796875 0.4140625 0.064453125 0.22395833333333334
0 0.447265625 0.5501302083333334 0.123046875 0.049479166666666664
10 0.5673828125 0.548828125 0.1201171875 0.052083333333333336
18 0.84423828125 0.5403645833333334 0.1982421875 0.0546875
14 0.6845703125 0.544921875 0.1201171875 0.052083333333333336