13 0.18098958333333334 0.216796875 0.22330729166666666 0.048828125
11 0.4270833333333333 0.22802734375 0.267578125 0.04443359375
15 0.7779947916666666 0.19580078125 0.3248697916666667 0.048828125
4 0.298828125 0.306640625 0.055989583333333336 0.13330078125
9 0.357421875 0.30908203125 0.0625 0.1318359375
5 0.4134114583333333 0.31103515625 0.048828125 0.12890625
6 0.4700520833333333 0.31201171875 0.064453125 0.12744140625
17 0.5305989583333334 0.3125 0.05859375 0.12646484375
14 0.6438802083333334 0.31298828125 0.169921875 0.125
1 0.8938802083333334 0.31396484375 0.056640625 0.1220703125
16 0.17252604166666666 0.32568359375 0.201171875 0.1474609375
7 0.3307291666666667 0.38671875 0.11588541666666667 0.02880859375
0 0.4453125 0.388671875 0.11197916666666667 0.0263671875
10 0.5579427083333334 0.38916015625 0.11393229166666667 0.02587890625
14 0.6712239583333334 0.38916015625 0.11328125 0.0263671875
18 0.8255208333333334 0.388671875 0.19466145833333334 0.0263671875
2 0.4375 0.412109375 0.72265625 0.03125
12 0.861328125 0.41455078125 0.12565104166666666 0.02685546875
3 0.5013020833333334 0.439453125 0.845703125 0.02880859375