13 0.15885416666666666 0.287109375 0.21419270833333334 0.03564453125
11 0.4069010416666667 0.287109375 0.2819010416666667 0.0361328125
15 0.7819010416666666 0.240234375 0.34765625 0.05712890625
4 0.2740885416666667 0.37158203125 0.059895833333333336 0.1337890625
9 0.3346354166666667 0.3720703125 0.06770833333333333 0.1337890625
5 0.3932291666666667 0.3720703125 0.053385416666666664 0.13330078125
6 0.4524739583333333 0.37158203125 0.06901041666666667 0.13330078125
17 0.5169270833333334 0.37158203125 0.061848958333333336 0.1337890625
8 0.6373697916666666 0.37109375 0.17903645833333334 0.134765625
1 0.8997395833333334 0.3701171875 0.056640625 0.13330078125
7 0.30859375 0.4521484375 0.12174479166666667 0.0283203125
0 0.4283854166666667 0.45263671875 0.11848958333333333 0.02783203125
10 0.546875 0.4521484375 0.11848958333333333 0.02734375
14 0.6653645833333334 0.45166015625 0.11848958333333333 0.02783203125
18 0.8255208333333334 0.451171875 0.201171875 0.02783203125
12 0.861328125 0.47900390625 0.12760416666666666 0.02685546875
2 0.4264322916666667 0.4794921875 0.7408854166666666 0.02880859375
16 0.15104166666666666 0.39599609375 0.19466145833333334 0.14111328125
3 0.490234375 0.50732421875 0.8671875 0.02978515625