13 0.924 0.759 0.06133333333333333 0.195
11 0.912 0.541 0.06266666666666666 0.242
15 0.95 0.233 0.09333333333333334 0.272
16 0.762 0.775 0.21866666666666668 0.186
4 0.7953333333333333 0.6605 0.19866666666666666 0.057
9 0.794 0.606 0.19733333333333333 0.06
5 0.7906666666666666 0.5535 0.19733333333333333 0.047
6 0.788 0.4995 0.196 0.062
17 0.786 0.4435 0.196 0.057
8 0.7826666666666666 0.341 0.196 0.158
1 0.7706666666666667 0.1265 0.18533333333333332 0.061
18 0.14666666666666667 0.1785 0.05333333333333334 0.165
7 0.6726666666666666 0.6325 0.04533333333333334 0.113
0 0.6706666666666666 0.5225 0.048 0.108
10 0.6673333333333333 0.4155 0.04666666666666667 0.108
14 0.664 0.3115 0.042666666666666665 0.102
2 0.6266666666666667 0.5325 0.058666666666666666 0.672
3 0.5806666666666667 0.4795 0.056 0.78
12 0.6166666666666667 0.1455 0.04533333333333334 0.108
16 0.21066666666666667 0.7885 0.24533333333333332 0.191
13 0.39866666666666667 0.7745 0.058666666666666666 0.206
4 0.25733333333333336 0.6675 0.22666666666666666 0.055
15 0.4646666666666667 0.2125 0.072 0.291
3 0.04466666666666667 0.4915 0.08933333333333333 0.791
2 0.08266666666666667 0.543 0.084 0.686
9 0.25733333333333336 0.61 0.22266666666666668 0.061
5 0.26 0.5555 0.22133333333333333 0.05
6 0.26066666666666666 0.501 0.22133333333333333 0.062
17 0.26266666666666666 0.441 0.21733333333333332 0.057
8 0.26466666666666666 0.3355 0.216 0.159
1 0.27266666666666667 0.1165 0.204 0.048
18 0.6566666666666666 0.1795 0.04666666666666667 0.167
12 0.106 0.148 0.04666666666666667 0.105
14 0.14 0.3105 0.04933333333333333 0.103
10 0.134 0.4155 0.050666666666666665 0.108
7 0.12266666666666666 0.637 0.052 0.115
0 0.128 0.5245 0.050666666666666665 0.111