15 0.788443170964661 0.8228438228438228 0.14040114613180515 0.10256410256410256
13 0.12607449856733524 0.696969696969697 0.19006685768863418 0.13053613053613053
11 0.35912129894937916 0.6981351981351981 0.27889207258834764 0.13053613053613053
16 0.11652340019102196 0.3787878787878788 0.1728748806112703 0.372960372960373
4 0.22492836676217765 0.46853146853146854 0.04871060171919771 0.3356643356643357
8 0.60792741165234 0.4662004662004662 0.22158548233046801 0.3356643356643357
9 0.272683858643744 0.46736596736596736 0.049665711556829036 0.3356643356643357
5 0.3314231136580707 0.46736596736596736 0.06781279847182425 0.3356643356643357
6 0.39780324737344797 0.46736596736596736 0.06781279847182425 0.3356643356643357
17 0.46418338108882523 0.4662004662004662 0.06781279847182425 0.3333333333333333
1 0.9508118433619867 0.4662004662004662 0.06399235912129896 0.337995337995338
12 0.9021012416427889 0.15967365967365968 0.16045845272206305 0.07226107226107226
18 0.8495702005730659 0.24708624708624707 0.2664756446991404 0.11188811188811189
2 0.4264565425023878 0.15967365967365968 0.792741165234002 0.07459207459207459
14 0.6504297994269341 0.2494172494172494 0.1356255969436485 0.10722610722610723
3 0.5062082139446036 0.08974358974358974 0.9522445081184336 0.07459207459207459
10 0.5076408787010506 0.2494172494172494 0.1556829035339064 0.10955710955710955
7 0.2492836676217765 0.24708624708624707 0.0964660936007641 0.10955710955710955
0 0.3643744030563515 0.24708624708624707 0.13753581661891118 0.11188811188811189