11 0.64921875 0.3169491525423729 0.05 0.6338983050847458
8 0.53671875 0.8152542372881356 0.1828125 0.36271186440677966
4 0.53515625 0.0423728813559322 0.1828125 0.0847457627118644
9 0.534375 0.15593220338983052 0.1828125 0.14915254237288136
5 0.534375 0.288135593220339 0.184375 0.11864406779661017
6 0.53515625 0.4186440677966102 0.184375 0.15932203389830507
17 0.5359375 0.5661016949152542 0.1828125 0.13898305084745763
7 0.4234375 0.11694915254237288 0.040625 0.23389830508474577
0 0.42421875 0.3644067796610169 0.0390625 0.2711864406779661
10 0.42578125 0.635593220338983 0.0375 0.2745762711864407
14 0.4265625 0.8830508474576271 0.040625 0.2271186440677966
2 0.38671875 0.49830508474576274 0.0453125 0.9966101694915255
3 0.34765625 0.49830508474576274 0.0453125 0.9966101694915255