13 0.18888888888888888 0.11527777777777778 0.20925925925925926 0.075
11 0.425 0.11944444444444445 0.26481481481481484 0.07777777777777778
15 0.787962962962963 0.059722222222222225 0.23333333333333334 0.07222222222222222
16 0.1685185185185185 0.32083333333333336 0.19814814814814816 0.2722222222222222
4 0.29259259259259257 0.2763888888888889 0.05925925925925926 0.25
9 0.35 0.2777777777777778 0.06666666666666667 0.25
5 0.4074074074074074 0.28055555555555556 0.05185185185185185 0.25
6 0.4648148148148148 0.28055555555555556 0.07222222222222222 0.25
17 0.5259259259259259 0.2791666666666667 0.06111111111111111 0.25277777777777777
8 0.6472222222222223 0.2708333333333333 0.1814814814814815 0.25833333333333336
1 0.9055555555555556 0.2833333333333333 0.06481481481481481 0.25555555555555554
7 0.32037037037037036 0.4305555555555556 0.12037037037037036 0.05555555555555555
0 0.43703703703703706 0.43194444444444446 0.12037037037037036 0.05555555555555555
10 0.5546296296296296 0.42916666666666664 0.11481481481481481 0.06111111111111111
14 0.675 0.4222222222222222 0.12777777777777777 0.058333333333333334
18 0.8398148148148148 0.42916666666666664 0.2037037037037037 0.06944444444444445
2 0.5259259259259259 0.48194444444444445 0.575925925925926 0.06666666666666667
12 0.8787037037037037 0.4875 0.13148148148148148 0.06388888888888888
3 0.6527777777777778 0.5444444444444444 0.5925925925925926 0.06666666666666667
12 0.9092592592592592 0.7513888888888889 0.1388888888888889 0.08333333333333333
18 0.8694444444444445 0.6847222222222222 0.2111111111111111 0.08888888888888889
14 0.7 0.6625 0.12962962962962962 0.06666666666666667
10 0.5768518518518518 0.6555555555555556 0.12037037037037036 0.05277777777777778
0 0.45740740740740743 0.65 0.12222222222222222 0.044444444444444446
7 0.32592592592592595 0.6416666666666667 0.14814814814814814 0.030555555555555555
2 0.5157407407407407 0.7055555555555556 0.6537037037037037 0.13055555555555556
1 0.9472222222222222 0.6569444444444444 0.05740740740740741 0.019444444444444445
3 0.5462962962962963 0.7694444444444445 0.8666666666666667 0.15833333333333333
2 0.4722222222222222 0.9083333333333333 0.8481481481481481 0.17777777777777778
3 0.3398148148148148 0.9444444444444444 0.5388888888888889 0.10555555555555556
18 0.8481481481481481 0.9680555555555556 0.2222222222222222 0.058333333333333334
14 0.674074074074074 0.9361111111111111 0.13333333333333333 0.05
10 0.5472222222222223 0.9069444444444444 0.12407407407407407 0.04722222222222222
7 0.30185185185185187 0.8597222222222223 0.1259259259259259 0.03611111111111111
0 0.425 0.8833333333333333 0.1259259259259259 0.041666666666666664