15 0.29075425790754256 0.07954545454545454 0.46228710462287104 0.1553030303030303
11 0.7822384428223844 0.2215909090909091 0.36739659367396593 0.11742424242424243
4 0.9525547445255474 0.4621212121212121 0.0827250608272506 0.36742424242424243
9 0.8734793187347932 0.4564393939393939 0.09245742092457421 0.3712121212121212
8 0.4683698296836983 0.42613636363636365 0.25547445255474455 0.375
18 0.20437956204379562 0.625 0.2749391727493917 0.0946969696969697
17 0.6289537712895377 0.4393939393939394 0.0948905109489051 0.36363636363636365
1 0.12287104622871046 0.3996212121212121 0.09732360097323602 0.35984848484848486
12 0.14963503649635038 0.7007575757575758 0.17761557177615572 0.09090909090909091
10 0.5815085158150851 0.6553030303030303 0.1654501216545012 0.08712121212121213
6 0.7141119221411192 0.44696969696969696 0.10218978102189781 0.36742424242424243
5 0.7944038929440389 0.45075757575757575 0.07785888077858881 0.36363636363636365
0 0.7445255474452555 0.6666666666666666 0.1630170316301703 0.09090909090909091
7 0.9063260340632603 0.6799242424242424 0.1654501216545012 0.09090909090909091
3 0.524330900243309 0.8087121212121212 0.9464720194647201 0.1553030303030303
2 0.6155717761557178 0.7367424242424242 0.7639902676399026 0.14015151515151514
14 0.4197080291970803 0.6420454545454546 0.1630170316301703 0.09090909090909091