15 0.3244 0.13432835820895522 0.0424 0.26865671641791045
13 0.3396 0.8432835820895522 0.0504 0.25692963752665243
11 0.3496 0.5549040511727079 0.048 0.31982942430703626
16 0.4604 0.8539445628997868 0.1568 0.2260127931769723
8 0.4472 0.3070362473347548 0.144 0.208955223880597
18 0.5328 0.12739872068230276 0.0264 0.2025586353944563
1 0.452 0.04211087420042644 0.1408 0.08422174840085288
5 0.4416 0.5751599147121536 0.1456 0.06396588486140725
14 0.532 0.2883795309168444 0.028 0.1279317697228145
6 0.4428 0.5090618336886994 0.1448 0.08315565031982942
17 0.4436 0.43710021321961623 0.144 0.07782515991471216
10 0.5292 0.4141791044776119 0.0312 0.1300639658848614
12 0.5596 0.09754797441364606 0.0272 0.1300639658848614
2 0.5552 0.5559701492537313 0.0352 0.7953091684434968
3 0.582 0.4946695095948827 0.0336 0.908315565031983
9 0.44 0.6407249466950959 0.1456 0.07569296375266525
4 0.4384 0.7105543710021321 0.148 0.0650319829424307
7 0.5268 0.673773987206823 0.0304 0.13432835820895522
0 0.5284 0.5426439232409381 0.0304 0.1300639658848614