13 0.90625 0.75 0.052083333333333336 0.16748046875
11 0.904296875 0.55615234375 0.054036458333333336 0.2216796875
15 0.9619140625 0.26318359375 0.07486979166666667 0.275390625
4 0.7858072916666666 0.65966796875 0.18815104166666666 0.0478515625
9 0.7845052083333334 0.61328125 0.189453125 0.052734375
5 0.7838541666666666 0.568359375 0.19075520833333334 0.041015625
6 0.783203125 0.521484375 0.19010416666666666 0.0537109375
17 0.7825520833333334 0.4716796875 0.19010416666666666 0.05029296875
8 0.78125 0.37744140625 0.19075520833333334 0.1455078125
1 0.77734375 0.17431640625 0.18880208333333334 0.05810546875
7 0.671875 0.6318359375 0.039713541666666664 0.091796875
0 0.669921875 0.5419921875 0.039713541666666664 0.08984375
10 0.66796875 0.451171875 0.0390625 0.09130859375
14 0.6673177083333334 0.3603515625 0.038411458333333336 0.09228515625
18 0.6653645833333334 0.23828125 0.040364583333333336 0.15478515625
12 0.6276041666666666 0.21337890625 0.038411458333333336 0.09912109375
2 0.6334635416666666 0.5390625 0.046223958333333336 0.556640625
3 0.5963541666666666 0.49072265625 0.048177083333333336 0.64892578125
16 0.7526041666666666 0.7529296875 0.19596354166666666 0.1533203125