15 0.8574040219378428 0.8287878787878787 0.28153564899451555 0.1
13 0.0886654478976234 0.8 0.1773308957952468 0.12121212121212122
11 0.3711151736745887 0.7803030303030303 0.3930530164533821 0.12424242424242424
18 0.9186471663619744 0.2878787878787879 0.1590493601462523 0.08484848484848485
8 0.7029250457038391 0.5242424242424243 0.27056672760511885 0.38484848484848483
4 0.16910420475319926 0.5424242424242425 0.10420475319926874 0.396969696969697
16 0.06855575868372943 0.47424242424242424 0.13711151736745886 0.42727272727272725
0 0.38939670932358317 0.29545454545454547 0.18647166361974407 0.09090909090909091
6 0.43144424131627057 0.5318181818181819 0.10420475319926874 0.3878787878787879
17 0.5292504570383912 0.5303030303030303 0.09323583180987204 0.38484848484848483
5 0.34277879341864714 0.5348484848484848 0.08592321755027423 0.39090909090909093
9 0.25685557586837293 0.5393939393939394 0.11151736745886655 0.396969696969697
12 0.9753199268738574 0.2015151515151515 0.04570383912248629 0.08787878787878788
10 0.5749542961608776 0.29393939393939394 0.1882998171846435 0.08787878787878788
14 0.7541133455210237 0.2909090909090909 0.1773308957952468 0.09090909090909091
7 0.20383912248628885 0.3 0.19012797074954296 0.09393939393939393
2 0.47989031078610606 0.20909090909090908 0.9597806215722121 0.10303030303030303
3 0.4990859232175503 0.11666666666666667 0.9981718464351006 0.10606060606060606