13 0.21 0.705 0.1725 0.056666666666666664
11 0.41125 0.7 0.2275 0.06
15 0.71 0.7483333333333333 0.2025 0.05333333333333334
16 0.2 0.5316666666666666 0.1575 0.22666666666666666
4 0.30125 0.57 0.0475 0.21333333333333335
9 0.35 0.5683333333333334 0.0525 0.21333333333333335
5 0.39875 0.5683333333333334 0.045 0.21
6 0.44625 0.5666666666666667 0.055 0.21
17 0.49875 0.565 0.05 0.21
8 0.595 0.5633333333333334 0.145 0.21333333333333335
1 0.80625 0.5616666666666666 0.045 0.21333333333333335
7 0.32625 0.44 0.1 0.04666666666666667
0 0.425 0.44 0.0975 0.04666666666666667
10 0.5225 0.43666666666666665 0.0975 0.04666666666666667
14 0.61875 0.43666666666666665 0.095 0.05
18 0.74625 0.435 0.1625 0.043333333333333335
2 0.425 0.3933333333333333 0.605 0.056666666666666664
12 0.7775 0.3883333333333333 0.1025 0.04666666666666667
3 0.47625 0.34833333333333333 0.705 0.05333333333333334