8 0.6364 0.5101279317697228 0.1624 0.20575692963752665
13 0.22 0.6577825159914712 0.1888 0.06396588486140725
1 0.856 0.5026652452025586 0.0664 0.19616204690831557
15 0.7792 0.6839019189765458 0.228 0.05970149253731343
2 0.4484 0.35927505330490406 0.6264 0.0650319829424307
16 0.2132 0.4925373134328358 0.1664 0.21428571428571427
3 0.4976 0.31769722814498935 0.724 0.060767590618336885
4 0.3208 0.5229211087420043 0.0504 0.20362473347547974
7 0.3484 0.4013859275053305 0.1048 0.04157782515991471
6 0.4756 0.5154584221748401 0.0632 0.20362473347547974
12 0.8112 0.3464818763326226 0.1088 0.04051172707889126
17 0.5316 0.5138592750533049 0.06 0.20149253731343283
9 0.3736 0.5202558635394456 0.0568 0.2046908315565032
5 0.424 0.5186567164179104 0.048 0.2025586353944563
0 0.4508 0.3976545842217484 0.1016 0.04157782515991471
10 0.5532 0.39285714285714285 0.104 0.04051172707889126
14 0.654 0.39019189765458423 0.1024 0.042643923240938165
18 0.786 0.3853944562899787 0.1672 0.04051172707889126
11 0.438 0.6449893390191898 0.2528 0.0650319829424307