13 0.19661458333333334 0.2294921875 0.201171875 0.03564453125
11 0.4309895833333333 0.22607421875 0.2682291666666667 0.03564453125
15 0.7890625 0.17724609375 0.34375 0.056640625
4 0.302734375 0.3076171875 0.054036458333333336 0.12744140625
9 0.3606770833333333 0.3076171875 0.06315104166666667 0.12744140625
5 0.4173177083333333 0.306640625 0.050130208333333336 0.12744140625
6 0.4739583333333333 0.306640625 0.06640625 0.1279296875
17 0.5364583333333334 0.3056640625 0.059895833333333336 0.1279296875
8 0.6536458333333334 0.3037109375 0.17643229166666666 0.130859375
1 0.9114583333333334 0.30029296875 0.059244791666666664 0.1279296875
7 0.3346354166666667 0.38427734375 0.11653645833333333 0.02685546875
0 0.4505208333333333 0.3837890625 0.11458333333333333 0.02734375
10 0.56640625 0.38232421875 0.11783854166666667 0.0283203125
14 0.6842447916666666 0.38037109375 0.11783854166666667 0.02880859375
18 0.8424479166666666 0.37841796875 0.19986979166666666 0.0283203125
16 0.185546875 0.33154296875 0.18229166666666666 0.134765625
2 0.455078125 0.4091796875 0.7213541666666666 0.0341796875
12 0.8795572916666666 0.4052734375 0.12760416666666666 0.02880859375
3 0.51953125 0.435546875 0.8528645833333334 0.0341796875