13 0.73984375 0.903125 0.0578125 0.18958333333333333
15 0.80859375 0.15104166666666666 0.0765625 0.3020833333333333
11 0.74375 0.5958333333333333 0.0578125 0.43333333333333335
3 0.415625 0.49895833333333334 0.103125 0.9979166666666667
2 0.459375 0.49895833333333334 0.1 0.9979166666666667
16 0.57265625 0.9177083333333333 0.2296875 0.16041666666666668
8 0.6265625 0.23333333333333334 0.2 0.2916666666666667
4 0.6140625 0.7979166666666667 0.20625 0.10208333333333333
9 0.61640625 0.7 0.2046875 0.11666666666666667
5 0.61875 0.609375 0.2015625 0.09583333333333334
6 0.6203125 0.5125 0.2 0.125
17 0.62265625 0.415625 0.2015625 0.11458333333333333
7 0.49296875 0.740625 0.0484375 0.2
0 0.49765625 0.5447916666666667 0.046875 0.19375
18 0.52265625 0.04583333333333333 0.0515625 0.09166666666666666
10 0.50546875 0.3541666666666667 0.0484375 0.19375
14 0.51328125 0.17291666666666666 0.0484375 0.18333333333333332