13 0.7455555555555555 0.8221830985915493 0.14666666666666667 0.0528169014084507
11 0.5766666666666667 0.823943661971831 0.19111111111111112 0.04929577464788732
16 0.75 0.6672535211267606 0.13333333333333333 0.2007042253521127
4 0.6655555555555556 0.704225352112676 0.04 0.18661971830985916
9 0.6255555555555555 0.704225352112676 0.04666666666666667 0.19014084507042253
5 0.5855555555555556 0.704225352112676 0.035555555555555556 0.18661971830985916
6 0.5444444444444444 0.704225352112676 0.04666666666666667 0.18661971830985916
17 0.5011111111111111 0.704225352112676 0.04 0.18661971830985916
8 0.41888888888888887 0.704225352112676 0.12222222222222222 0.19014084507042253
1 0.24333333333333335 0.7077464788732394 0.03777777777777778 0.18661971830985916
7 0.6433333333333333 0.5915492957746479 0.08222222222222222 0.03873239436619718
0 0.5622222222222222 0.5915492957746479 0.08222222222222222 0.03873239436619718
10 0.4811111111111111 0.5915492957746479 0.08 0.03873239436619718
14 0.4 0.5915492957746479 0.08222222222222222 0.03873239436619718
18 0.2922222222222222 0.5933098591549296 0.13555555555555557 0.04225352112676056
2 0.5611111111111111 0.551056338028169 0.5044444444444445 0.045774647887323945
3 0.52 0.5140845070422535 0.5866666666666667 0.045774647887323945
12 0.2677777777777778 0.5545774647887324 0.08444444444444445 0.03873239436619718
15 0.31 0.8767605633802817 0.18222222222222223 0.056338028169014086
13 0.7422222222222222 0.40492957746478875 0.14222222222222222 0.045774647887323945
11 0.5777777777777777 0.40492957746478875 0.18666666666666668 0.04929577464788732
16 0.7477777777777778 0.2623239436619718 0.12666666666666668 0.18661971830985916
4 0.6666666666666666 0.29225352112676056 0.03777777777777778 0.176056338028169
9 0.6255555555555555 0.29225352112676056 0.044444444444444446 0.176056338028169
5 0.5888888888888889 0.29225352112676056 0.03333333333333333 0.17253521126760563
6 0.55 0.29225352112676056 0.04666666666666667 0.17253521126760563
17 0.5066666666666667 0.29225352112676056 0.042222222222222223 0.1795774647887324
8 0.4266666666666667 0.2904929577464789 0.11777777777777777 0.1795774647887324
1 0.25333333333333335 0.2887323943661972 0.03777777777777778 0.1795774647887324
7 0.6455555555555555 0.18661971830985916 0.08 0.035211267605633804
0 0.5666666666666667 0.18661971830985916 0.08 0.03873239436619718
10 0.4866666666666667 0.18485915492957747 0.08 0.04225352112676056
14 0.4088888888888889 0.1813380281690141 0.07777777777777778 0.03873239436619718
18 0.3022222222222222 0.1813380281690141 0.13333333333333333 0.03873239436619718
2 0.5644444444444444 0.14788732394366197 0.4888888888888889 0.0528169014084507
3 0.5233333333333333 0.10915492957746478 0.5711111111111111 0.04929577464788732
12 0.2777777777777778 0.1426056338028169 0.08444444444444445 0.03873239436619718