15 0.31058495821727017 0.08636363636363636 0.0584958217270195 0.17272727272727273
8 0.46935933147632314 0.19090909090909092 0.20334261838440112 0.38181818181818183
2 0.6295264623955432 0.49772727272727274 0.055710306406685235 0.9954545454545455
3 0.6782729805013927 0.49772727272727274 0.0584958217270195 0.9954545454545455
11 0.3342618384401114 0.6545454545454545 0.06406685236768803 0.55
17 0.4637883008356546 0.4340909090909091 0.1977715877437326 0.12727272727272726
6 0.4623955431754875 0.5704545454545454 0.20334261838440112 0.14545454545454545
10 0.5877437325905293 0.36818181818181817 0.04735376044568245 0.2636363636363636
14 0.5891364902506964 0.12045454545454545 0.04735376044568245 0.2409090909090909
5 0.4610027855153203 0.6909090909090909 0.20334261838440112 0.11818181818181818
0 0.584958217270195 0.6272727272727273 0.04456824512534819 0.2590909090909091
9 0.4582172701949861 0.8113636363636364 0.20334261838440112 0.15454545454545454
4 0.4582172701949861 0.9272727272727272 0.20891364902506965 0.13636363636363635
7 0.5835654596100278 0.875 0.04735376044568245 0.2409090909090909