13 0.35625 0.8816666666666667 0.0475 0.23
15 0.31875 0.14 0.0425 0.28
16 0.49 0.895 0.18 0.20333333333333334
8 0.46 0.31 0.165 0.22333333333333333
11 0.35625 0.5933333333333334 0.045 0.3466666666666667
4 0.46 0.7583333333333333 0.165 0.07
9 0.46 0.685 0.165 0.08333333333333333
5 0.46 0.6133333333333333 0.165 0.06666666666666667
6 0.46 0.5383333333333333 0.165 0.08666666666666667
17 0.46 0.4583333333333333 0.1675 0.07666666666666666
2 0.59625 0.5466666666666666 0.0375 0.9
3 0.6325 0.49833333333333335 0.04 0.9966666666666667
1 0.4625 0.013333333333333334 0.165 0.02666666666666667
7 0.55875 0.72 0.035 0.15
0 0.56 0.57 0.0375 0.15333333333333332
10 0.55875 0.42 0.0325 0.15333333333333332
14 0.55875 0.27166666666666667 0.0325 0.14333333333333334
18 0.55875 0.10166666666666667 0.0375 0.20333333333333334
12 0.59375 0.051666666666666666 0.0375 0.10333333333333333