13 0.814 0.675 0.186 0.10384615384615385
11 0.589 0.6865384615384615 0.264 0.09230769230769231
15 0.234 0.7923076923076923 0.33 0.11538461538461539
4 0.714 0.47884615384615387 0.058 0.3269230769230769
9 0.655 0.4826923076923077 0.064 0.3269230769230769
5 0.599 0.4846153846153846 0.052 0.3269230769230769
6 0.543 0.48653846153846153 0.066 0.3269230769230769
17 0.482 0.49038461538461536 0.062 0.3230769230769231
8 0.368 0.49615384615384617 0.176 0.33076923076923076
1 0.119 0.5038461538461538 0.056 0.3230769230769231
18 0.185 0.3057692307692308 0.19 0.07307692307692308
14 0.337 0.3019230769230769 0.116 0.07307692307692308
10 0.452 0.29615384615384616 0.116 0.07692307692307693
0 0.566 0.2903846153846154 0.114 0.07692307692307693
7 0.682 0.2826923076923077 0.12 0.07692307692307693
16 0.825 0.4115384615384615 0.168 0.35384615384615387
2 0.561 0.21923076923076923 0.696 0.10384615384615385
12 0.151 0.2403846153846154 0.124 0.06923076923076923
3 0.499 0.1519230769230769 0.822 0.11153846153846154