15 0.6654545454545454 0.9288793103448276 0.04363636363636364 0.1336206896551724
8 0.5145454545454545 0.7995689655172413 0.17454545454545456 0.3922413793103448
11 0.6227272727272727 0.30603448275862066 0.045454545454545456 0.6120689655172413
4 0.5163636363636364 0.02586206896551724 0.17454545454545456 0.05172413793103448
9 0.5145454545454545 0.11853448275862069 0.1709090909090909 0.15086206896551724
17 0.5145454545454545 0.5366379310344828 0.17272727272727273 0.14655172413793102
6 0.5145454545454545 0.3879310344827586 0.17272727272727273 0.15948275862068967
5 0.5145454545454545 0.2521551724137931 0.17272727272727273 0.11637931034482758
14 0.4109090909090909 0.8663793103448276 0.03636363636363636 0.25862068965517243
10 0.4109090909090909 0.603448275862069 0.034545454545454546 0.27586206896551724
0 0.4118181818181818 0.3275862068965517 0.034545454545454546 0.27155172413793105
7 0.4118181818181818 0.09698275862068965 0.038181818181818185 0.1939655172413793
2 0.37636363636363634 0.4978448275862069 0.03636363636363636 0.9956896551724138
3 0.34 0.4978448275862069 0.04 0.9956896551724138