15 0.322 0.11210762331838565 0.06 0.2242152466367713
11 0.37 0.6524663677130045 0.044 0.5919282511210763
8 0.474 0.17937219730941703 0.168 0.35874439461883406
4 0.477 0.9349775784753364 0.17 0.1210762331838565
9 0.476 0.8094170403587444 0.168 0.13901345291479822
5 0.476 0.6838565022421524 0.166 0.11210762331838565
6 0.475 0.5560538116591929 0.166 0.14798206278026907
17 0.475 0.42152466367713004 0.166 0.13004484304932734
7 0.578 0.8677130044843049 0.04 0.2556053811659193
0 0.576 0.6121076233183856 0.036 0.2556053811659193
10 0.575 0.35650224215246634 0.038 0.2600896860986547
14 0.574 0.11659192825112108 0.04 0.23318385650224216
2 0.613 0.4977578475336323 0.046 0.9955156950672646
3 0.647 0.4977578475336323 0.05 0.9955156950672646