15 0.7626182965299685 0.08845208845208845 0.061514195583596214 0.1769041769041769
11 0.7105678233438486 0.6977886977886978 0.0694006309148265 0.5700245700245701
8 0.557570977917981 0.2285012285012285 0.23659305993690852 0.3808353808353808
17 0.5583596214511041 0.47788697788697787 0.23659305993690852 0.12776412776412777
7 0.416403785488959 0.8869778869778869 0.05362776025236593 0.22113022113022113
0 0.416403785488959 0.6597051597051597 0.052050473186119876 0.23832923832923833
14 0.41324921135646686 0.16461916461916462 0.052050473186119876 0.25552825552825553
10 0.4140378548895899 0.41646191646191644 0.050473186119873815 0.25061425061425063
6 0.5591482649842271 0.6068796068796068 0.23817034700315456 0.13267813267813267
5 0.5599369085173501 0.726044226044226 0.23817034700315456 0.10319410319410319
4 0.5630914826498423 0.9545454545454546 0.24290220820189273 0.085995085995086
9 0.5623028391167192 0.8452088452088452 0.23974763406940064 0.14004914004914004
2 0.3635646687697161 0.4987714987714988 0.055205047318611984 0.9975429975429976
3 0.31230283911671924 0.4987714987714988 0.056782334384858045 0.9975429975429976