15 0.31990521327014215 0.10666666666666667 0.07109004739336493 0.21333333333333335
11 0.3712480252764613 0.6316666666666667 0.05055292259083728 0.6
2 0.627172195892575 0.49833333333333335 0.044233807266982623 0.9966666666666667
3 0.665086887835703 0.49833333333333335 0.044233807266982623 0.9966666666666667
8 0.48420221169036337 0.17 0.17851500789889416 0.34
6 0.48420221169036337 0.54 0.1769352290679305 0.14666666666666667
17 0.48420221169036337 0.40166666666666667 0.1769352290679305 0.13
5 0.4834123222748815 0.665 0.1769352290679305 0.11333333333333333
9 0.4834123222748815 0.79 0.1769352290679305 0.14
0 0.5924170616113744 0.5966666666666667 0.04107424960505529 0.26
4 0.4834123222748815 0.9183333333333333 0.1769352290679305 0.12
7 0.5916271721958926 0.8516666666666667 0.04107424960505529 0.25333333333333335
14 0.5908372827804107 0.10666666666666667 0.04107424960505529 0.21333333333333335
10 0.5916271721958926 0.3383333333333333 0.03949447077409163 0.26