13 0.8758278145695364 0.7651006711409396 0.24503311258278146 0.10738255033557047
11 0.5869205298013245 0.7567114093959731 0.3394039735099338 0.11073825503355705
4 0.7566225165562914 0.4983221476510067 0.08443708609271523 0.4261744966442953
9 0.6812913907284768 0.4983221476510067 0.08940397350993377 0.4261744966442953
5 0.6076158940397351 0.4966442953020134 0.06788079470198675 0.4261744966442953
6 0.5306291390728477 0.49328859060402686 0.08774834437086093 0.4228187919463087
17 0.44950331125827814 0.49161073825503354 0.08278145695364239 0.4228187919463087
8 0.30132450331125826 0.4899328859060403 0.23178807947019867 0.4228187919463087
1 0.024834437086092714 0.4848993288590604 0.046357615894039736 0.40604026845637586
15 0.14817880794701987 0.8355704697986577 0.29304635761589404 0.09395973154362416
16 0.8923841059602649 0.4261744966442953 0.2119205298013245 0.46308724832214765
7 0.722682119205298 0.23825503355704697 0.1605960264900662 0.1040268456375839
0 0.5645695364238411 0.2348993288590604 0.15728476821192053 0.10067114093959731
10 0.40894039735099336 0.2332214765100671 0.15562913907284767 0.10067114093959731
14 0.2574503311258278 0.22986577181208054 0.15066225165562913 0.09731543624161074
18 0.0935430463576159 0.2332214765100671 0.1837748344370861 0.09731543624161074
2 0.543046357615894 0.14261744966442952 0.9105960264900662 0.1174496644295302
12 0.048013245033112585 0.14261744966442952 0.09271523178807947 0.09731543624161074
3 0.5 0.05201342281879195 0.9966887417218543 0.09731543624161074