15 0.3016453382084095 0.07121212121212121 0.062157221206581355 0.14242424242424243
11 0.33089579524680074 0.6924242424242424 0.07678244972577697 0.6090909090909091
8 0.48628884826325414 0.19545454545454546 0.2340036563071298 0.39090909090909093
4 0.4753199268738574 0.9787878787878788 0.2413162705667276 0.03636363636363636
0 0.623400365630713 0.6833333333333333 0.054844606946983544 0.3090909090909091
6 0.48080438756855576 0.6136363636363636 0.2340036563071298 0.17272727272727273
17 0.48171846435100546 0.45151515151515154 0.23217550274223034 0.15454545454545454
5 0.4789762340036563 0.7606060606060606 0.23583180987202926 0.14242424242424243
9 0.47623400365630714 0.9030303030303031 0.23948811700182815 0.18484848484848485
10 0.6243144424131627 0.37575757575757573 0.05301645338208409 0.31212121212121213
14 0.6261425959780622 0.11363636363636363 0.056672760511883 0.22727272727272727
7 0.6215722120658135 0.9151515151515152 0.05850091407678245 0.16363636363636364
2 0.6755027422303473 0.4984848484848485 0.06398537477148081 0.996969696969697
3 0.7312614259597806 0.4984848484848485 0.06581352833638025 0.996969696969697