11 0.3659090909090909 0.30597014925373134 0.05454545454545454 0.6119402985074627
15 0.31363636363636366 0.9378109452736318 0.05454545454545454 0.11442786069651742
4 0.48522727272727273 0.017412935323383085 0.18863636363636363 0.03482587064676617
9 0.48409090909090907 0.10696517412935323 0.18636363636363637 0.15422885572139303
5 0.48409090909090907 0.24378109452736318 0.18636363636363637 0.11940298507462686
6 0.48409090909090907 0.3855721393034826 0.18636363636363637 0.16417910447761194
17 0.48295454545454547 0.5398009950248757 0.18636363636363637 0.14427860696517414
8 0.48522727272727273 0.8034825870646766 0.18863636363636363 0.38308457711442784
7 0.5977272727272728 0.0945273631840796 0.04090909090909091 0.1890547263681592
0 0.5965909090909091 0.32587064676616917 0.04090909090909091 0.2835820895522388
10 0.5965909090909091 0.6094527363184079 0.04090909090909091 0.2835820895522388
14 0.5977272727272728 0.8731343283582089 0.04090909090909091 0.24378109452736318
2 0.6375 0.4975124378109453 0.04318181818181818 0.9950248756218906
3 0.6761363636363636 0.4975124378109453 0.04318181818181818 0.9950248756218906