15 0.3875 0.8672922252010724 0.037 0.26273458445040215
8 0.5255 0.7091152815013405 0.163 0.21715817694369974
18 0.6255 0.9075067024128687 0.039 0.18230563002680966
12 0.661 0.9524128686327078 0.038 0.09249329758713137
13 0.416 0.13270777479892762 0.048 0.26541554959785524
11 0.42 0.4316353887399464 0.046 0.34048257372654156
16 0.548 0.11662198391420911 0.176 0.23324396782841822
2 0.656 0.4550938337801609 0.04 0.9101876675603218
3 0.6915 0.49932975871313673 0.045 0.9986595174262735
7 0.619 0.30294906166219837 0.035 0.15281501340482573
0 0.62 0.45107238605898126 0.036 0.14745308310991956
10 0.621 0.5985254691689008 0.035 0.14745308310991956
14 0.6225 0.7439678284182306 0.035 0.1447721179624665
6 0.5225 0.48525469168900803 0.162 0.08445040214477212
17 0.5235 0.5630026809651475 0.162 0.07640750670241286
5 0.5215 0.4121983914209115 0.163 0.06702412868632708
9 0.5205 0.34048257372654156 0.162 0.08445040214477212
4 0.52 0.26541554959785524 0.164 0.07640750670241286