11 0.6545075560187598 0.6395014381591563 0.06513809275664409 0.6174496644295302
15 0.7094841063053674 0.09539789069990412 0.08494007295466388 0.19079578139980824
4 0.5255341323606045 0.9372003835091084 0.21417404898384576 0.1236816874400767
9 0.5242313705054716 0.8092042186001918 0.2146951537258989 0.15627996164908917
5 0.5229286086503387 0.6788111217641419 0.21313183949973943 0.12464046021093
6 0.5211047420531527 0.5460210930009588 0.2136529442417926 0.15627996164908917
17 0.5187597707139135 0.4031639501438159 0.21156852527358 0.13998082454458294
8 0.515372589890568 0.16874400767018216 0.2136529442417926 0.3374880153403643
7 0.39551849921834287 0.8691275167785235 0.05106826472120896 0.2598274209012464
0 0.3931735278791037 0.6073825503355704 0.047941636268890045 0.27037392138063276
10 0.3897863470557582 0.3374880153403643 0.047941636268890045 0.2713326941514861
14 0.38744137571651904 0.10210930009587728 0.0484627410109432 0.20421860019175456
2 0.3478374153204794 0.49952061361457334 0.06201146430432517 0.9990412272291467
3 0.30198019801980197 0.49952061361457334 0.05992704533611256 0.9990412272291467