16 0.5479166666666667 0.15145554681353265 0.35138888888888886 0.21400472069236823
7 0.6840277777777778 0.3139260424862313 0.0763888888888889 0.13217938630999213
13 0.2861111111111111 0.17505900865460267 0.08333333333333333 0.22344610542879623
2 0.7548611111111111 0.43469708890637293 0.08333333333333333 0.7867820613690008
3 0.8256944444444444 0.500786782061369 0.09305555555555556 0.9315499606608969
11 0.2916666666666667 0.42289535798583794 0.07916666666666666 0.2769472856018883
0 0.68125 0.4402045633359559 0.07361111111111111 0.12509834775767112
10 0.6826388888888889 0.5653029110936271 0.0763888888888889 0.12509834775767112
14 0.6833333333333333 0.6884343036978757 0.07361111111111111 0.12352478363493312
18 0.6777777777777778 0.8524783634933124 0.07361111111111111 0.2069236821400472
12 0.7472222222222222 0.8926042486231314 0.06805555555555555 0.13768686073957515
1 0.4861111111111111 0.9138473642800944 0.31666666666666665 0.07317073170731707
4 0.48819444444444443 0.2859952793076318 0.32083333333333336 0.06845003933910307
8 0.48541666666666666 0.6553894571203777 0.31805555555555554 0.18332022029897718
9 0.48819444444444443 0.34657749803304483 0.3236111111111111 0.07553107789142408
5 0.48680555555555555 0.4071597167584579 0.32222222222222224 0.05428796223446106
6 0.48819444444444443 0.46852871754523995 0.32083333333333336 0.07002360346184107
17 0.4861111111111111 0.5346184107002361 0.32083333333333336 0.06372934697088907
15 0.19444444444444445 0.7891424075531078 0.11805555555555555 0.33359559402045635