15 0.22365805168986083 0.28 0.14910536779324055 0.07666666666666666
1 0.06958250497017893 0.5433333333333333 0.061630218687872766 0.22333333333333333
8 0.40357852882703776 0.5433333333333333 0.2147117296222664 0.22
18 0.1679920477137177 0.6866666666666666 0.2584493041749503 0.07333333333333333
13 0.8707753479125249 0.39166666666666666 0.18290258449304175 0.08666666666666667
11 0.6451292246520874 0.39 0.268389662027833 0.08333333333333333
5 0.6719681908548708 0.5433333333333333 0.06759443339960239 0.22333333333333333
0 0.6401590457256461 0.69 0.12922465208747516 0.07
2 0.5775347912524851 0.7483333333333333 0.7693836978131213 0.05333333333333334
12 0.11630218687872763 0.7483333333333333 0.15308151093439365 0.05333333333333334
16 0.8807157057654076 0.6033333333333334 0.16500994035785288 0.24333333333333335
3 0.5009940357852882 0.7983333333333333 0.9224652087475149 0.04666666666666667
6 0.6073558648111332 0.5433333333333333 0.0636182902584493 0.22333333333333333
10 0.5009940357852882 0.6883333333333334 0.15109343936381708 0.07
14 0.36182902584493043 0.6883333333333334 0.12922465208747516 0.07
9 0.7286282306163022 0.5433333333333333 0.04572564612326044 0.22333333333333333
4 0.7743538767395626 0.5433333333333333 0.04771371769383698 0.22333333333333333
7 0.7524850894632207 0.69 0.09542743538767395 0.07
17 0.5427435387673957 0.5433333333333333 0.06560636182902585 0.22