13 0.236 0.8146666666666667 0.034 0.224
11 0.24 0.564 0.032 0.2826666666666667
15 0.209 0.18133333333333335 0.044 0.36
4 0.309 0.7053333333333334 0.112 0.06933333333333333
9 0.31 0.6413333333333333 0.114 0.072
5 0.311 0.5786666666666667 0.114 0.056
6 0.311 0.5146666666666667 0.114 0.07466666666666667
17 0.313 0.44666666666666666 0.114 0.06933333333333333
8 0.314 0.32266666666666666 0.116 0.2
1 0.313 0.058666666666666666 0.116 0.09066666666666667
7 0.377 0.6746666666666666 0.028 0.13333333333333333
0 0.38 0.5413333333333333 0.028 0.13333333333333333
10 0.382 0.4106666666666667 0.026 0.13333333333333333
14 0.384 0.2813333333333333 0.028 0.13066666666666665
18 0.385 0.11333333333333333 0.028 0.22133333333333333
2 0.404 0.5493333333333333 0.04 0.832
12 0.409 0.072 0.03 0.144
3 0.429 0.4866666666666667 0.042 0.9733333333333334
13 0.548 0.8626666666666667 0.046 0.272
11 0.551 0.5586666666666666 0.044 0.3413333333333333
15 0.506 0.16133333333333333 0.052 0.32266666666666666
16 0.683 0.8773333333333333 0.182 0.24
4 0.651 0.7293333333333333 0.164 0.08
9 0.652 0.652 0.164 0.088
5 0.652 0.576 0.162 0.064
6 0.652 0.5013333333333333 0.164 0.09066666666666667
17 0.652 0.4186666666666667 0.164 0.09066666666666667
8 0.652 0.268 0.162 0.24266666666666667
7 0.752 0.692 0.038 0.16266666666666665
0 0.752 0.532 0.038 0.15733333333333333
10 0.751 0.37466666666666665 0.036 0.16
14 0.75 0.22133333333333333 0.038 0.15733333333333333
18 0.747 0.07333333333333333 0.042 0.14666666666666667
2 0.791 0.5186666666666667 0.046 0.9573333333333334
12 0.783 0.025333333333333333 0.042 0.050666666666666665
3 0.828 0.49866666666666665 0.052 0.9973333333333333
16 0.327 0.844 0.124 0.22666666666666666