15 0.656 0.10555555555555556 0.044 0.2111111111111111
13 0.612 0.924074074074074 0.044 0.14444444444444443
11 0.611 0.6277777777777778 0.042 0.45925925925925926
8 0.515 0.25 0.156 0.2962962962962963
16 0.482 0.9444444444444444 0.168 0.1037037037037037
4 0.512 0.8481481481481481 0.156 0.1
9 0.513 0.7462962962962963 0.156 0.1111111111111111
18 0.422 0.053703703703703705 0.036 0.10740740740740741
2 0.384 0.4981481481481482 0.044 0.9962962962962963
3 0.352 0.4981481481481482 0.044 0.9962962962962963
0 0.42 0.5962962962962963 0.034 0.2
7 0.418 0.7962962962962963 0.034 0.2074074074074074
14 0.421 0.19814814814814816 0.034 0.1962962962962963
10 0.42 0.3962962962962963 0.034 0.2
17 0.514 0.44814814814814813 0.154 0.1
6 0.514 0.5537037037037037 0.156 0.1111111111111111
5 0.513 0.6518518518518519 0.154 0.08518518518518518