11 0.6230425055928411 0.6894329896907216 0.0447427293064877 0.615979381443299
15 0.6683445190156599 0.06958762886597938 0.04586129753914989 0.13917525773195877
4 0.5162192393736018 0.9626288659793815 0.17114093959731544 0.06958762886597938
9 0.5145413870246085 0.8582474226804123 0.17002237136465326 0.14432989690721648
5 0.5145413870246085 0.729381443298969 0.17002237136465326 0.11597938144329897
6 0.5145413870246085 0.5979381443298969 0.17114093959731544 0.15206185567010308
17 0.5145413870246085 0.4536082474226804 0.17002237136465326 0.13659793814432988
8 0.5151006711409396 0.19329896907216496 0.17337807606263983 0.3865979381443299
7 0.4116331096196868 0.8917525773195877 0.03803131991051454 0.211340206185567
0 0.4121923937360179 0.654639175257732 0.03467561521252797 0.2654639175257732
10 0.4121923937360179 0.38917525773195877 0.03467561521252797 0.2706185567010309
14 0.4105145413870246 0.13015463917525774 0.03803131991051454 0.2603092783505155
2 0.3769574944071588 0.49871134020618557 0.03803131991051454 0.9974226804123711
3 0.34060402684563756 0.49871134020618557 0.039149888143176735 0.9974226804123711