13 0.2193627450980392 0.6683006535947712 0.19934640522875818 0.05337690631808279
11 0.4424019607843137 0.6661220043572985 0.25 0.05228758169934641
15 0.7712418300653595 0.721677559912854 0.3104575163398693 0.0664488017429194
16 0.20506535947712418 0.49727668845315903 0.1830065359477124 0.22657952069716775
4 0.32107843137254904 0.5359477124183006 0.05392156862745098 0.21241830065359477
9 0.3758169934640523 0.5359477124183006 0.06045751633986928 0.21241830065359477
5 0.42892156862745096 0.5354030501089324 0.04656862745098039 0.2113289760348584
6 0.48284313725490197 0.5354030501089324 0.06209150326797386 0.2113289760348584
17 0.5412581699346405 0.5348583877995643 0.05555555555555555 0.2113289760348584
8 0.6478758169934641 0.5348583877995643 0.16094771241830066 0.210239651416122
1 0.8794934640522876 0.5332244008714597 0.05310457516339869 0.20806100217864923
7 0.34967320261437906 0.4074074074074074 0.1119281045751634 0.0457516339869281
0 0.45955882352941174 0.4079520697167756 0.10784313725490197 0.044662309368191724
10 0.5674019607843137 0.4074074074074074 0.10866013071895425 0.044662309368191724
14 0.6752450980392157 0.4079520697167756 0.10702614379084967 0.044662309368191724
18 0.8178104575163399 0.4074074074074074 0.17892156862745098 0.0457516339869281
2 0.45465686274509803 0.3616557734204793 0.6781045751633987 0.046840958605664486
12 0.8504901960784313 0.3627450980392157 0.11519607843137254 0.044662309368191724
3 0.5130718954248366 0.3164488017429194 0.7924836601307189 0.04793028322440087
16 0.22794117647058823 0.9400871459694989 0.1715686274509804 0.11764705882352941
7 0.3582516339869281 0.8965141612200436 0.10294117647058823 0.037037037037037035
0 0.45955882352941174 0.8932461873638344 0.09967320261437909 0.037037037037037035
10 0.559640522875817 0.8916122004357299 0.10130718954248366 0.03812636165577342
2 0.4562908496732026 0.8605664488017429 0.6331699346405228 0.05010893246187364
12 0.8255718954248366 0.8594771241830066 0.11029411764705882 0.03812636165577342
18 0.7920751633986928 0.8954248366013072 0.16993464052287582 0.0392156862745098
14 0.6593137254901961 0.8927015250544662 0.10049019607843138 0.0392156862745098
3 0.5098039215686274 0.8246187363834423 0.7475490196078431 0.05119825708061002
8 0.6327614379084967 0.9531590413943355 0.14869281045751634 0.0915032679738562
1 0.8472222222222222 0.9569716775599129 0.05392156862745098 0.08387799564270153
17 0.5343137254901961 0.9537037037037037 0.05228758169934641 0.09041394335511982
6 0.48080065359477125 0.9547930283224401 0.056372549019607844 0.08823529411764706
5 0.4325980392156863 0.9553376906318083 0.04330065359477124 0.08714596949891068
4 0.3341503267973856 0.9569716775599129 0.049836601307189546 0.08387799564270153
9 0.38439542483660133 0.9558823529411765 0.056372549019607844 0.0860566448801743
15 0.7867647058823529 0.20098039215686275 0.31699346405228757 0.08278867102396514
13 0.21241830065359477 0.12581699346405228 0.20179738562091504 0.06318082788671024
11 0.44076797385620914 0.12908496732026145 0.25735294117647056 0.06100217864923747
16 0.19934640522875818 0.03213507625272331 0.18218954248366012 0.06209150326797386
8 0.6515522875816994 0.05119825708061002 0.16584967320261437 0.09912854030501089
1 0.891748366013072 0.05065359477124183 0.05310457516339869 0.09912854030501089
17 0.5408496732026143 0.051742919389978215 0.05718954248366013 0.10130718954248366
6 0.4812091503267974 0.05119825708061002 0.06209150326797386 0.10021786492374728
5 0.4264705882352941 0.05119825708061002 0.049019607843137254 0.09912854030501089
9 0.37254901960784315 0.05065359477124183 0.061274509803921566 0.09912854030501089
4 0.3165849673202614 0.05010893246187364 0.05473856209150327 0.09803921568627451