15 0.8296296296296296 0.8507194244604317 0.2759259259259259 0.08273381294964029
1 0.9453703703703704 0.5341726618705036 0.05925925925925926 0.36330935251798563
13 0.1648148148148148 0.7643884892086331 0.22407407407407406 0.09712230215827339
11 0.425 0.7643884892086331 0.29814814814814816 0.10071942446043165
16 0.1527777777777778 0.4712230215827338 0.19814814814814816 0.3776978417266187
2 0.4462962962962963 0.24280575539568344 0.7851851851851852 0.08273381294964029
3 0.5138888888888888 0.16546762589928057 0.9203703703703704 0.07913669064748201
12 0.9064814814814814 0.24100719424460432 0.13518518518518519 0.07553956834532374
18 0.8685185185185185 0.31654676258992803 0.21296296296296297 0.07553956834532374
8 0.6675925925925926 0.5359712230215827 0.18888888888888888 0.3597122302158273
7 0.31666666666666665 0.3183453237410072 0.12962962962962962 0.07553956834532374
4 0.2814814814814815 0.5359712230215827 0.05740740740740741 0.3597122302158273
9 0.3453703703703704 0.5359712230215827 0.07037037037037037 0.3597122302158273
5 0.4083333333333333 0.5359712230215827 0.05555555555555555 0.3597122302158273
6 0.4722222222222222 0.5359712230215827 0.07222222222222222 0.3597122302158273
17 0.5407407407407407 0.5377697841726619 0.06666666666666667 0.36330935251798563
14 0.6990740740740741 0.3183453237410072 0.12777777777777777 0.07553956834532374
0 0.4444444444444444 0.3183453237410072 0.12777777777777777 0.07194244604316546
10 0.5722222222222222 0.3183453237410072 0.12777777777777777 0.07553956834532374