13 0.1845841784989858 0.8018867924528302 0.21095334685598377 0.10377358490566038
11 0.4249492900608519 0.8018867924528302 0.2738336713995943 0.10849056603773585
15 0.7991886409736308 0.9080188679245284 0.24949290060851928 0.10377358490566038
1 0.9056795131845842 0.5495283018867925 0.05476673427991886 0.4056603773584906
4 0.29411764705882354 0.5448113207547169 0.05476673427991886 0.4056603773584906
16 0.17342799188640973 0.4716981132075472 0.18661257606490872 0.42924528301886794
8 0.6490872210953347 0.5518867924528302 0.17647058823529413 0.41037735849056606
18 0.8356997971602435 0.30660377358490565 0.19878296146044624 0.08490566037735849
9 0.35294117647058826 0.5448113207547169 0.06288032454361055 0.4056603773584906
5 0.40872210953346855 0.5471698113207547 0.05070993914807302 0.4056603773584906
6 0.46754563894523327 0.5471698113207547 0.06896551724137931 0.4056603773584906
17 0.5304259634888439 0.5495283018867925 0.060851926977687626 0.41037735849056606
10 0.5618661257606491 0.30424528301886794 0.11967545638945233 0.08490566037735849
14 0.678498985801217 0.30424528301886794 0.12170385395537525 0.08490566037735849
12 0.8722109533468559 0.21933962264150944 0.1257606490872211 0.08490566037735849
7 0.3255578093306288 0.3018867924528302 0.11764705882352941 0.08490566037735849
0 0.4432048681541582 0.3018867924528302 0.11967545638945233 0.08490566037735849
2 0.44523326572008115 0.2169811320754717 0.7302231237322515 0.09433962264150944
3 0.5081135902636917 0.13443396226415094 0.8539553752535497 0.09433962264150944