13 0.79 0.295 0.1725 0.056666666666666664
11 0.58875 0.3 0.2275 0.06
15 0.29 0.25166666666666665 0.2025 0.05333333333333334
16 0.8 0.4683333333333333 0.1575 0.22666666666666666
4 0.69875 0.43 0.0475 0.21333333333333335
9 0.65 0.43166666666666664 0.0525 0.21333333333333335
5 0.60125 0.43166666666666664 0.045 0.21
6 0.55375 0.43333333333333335 0.055 0.21
17 0.50125 0.435 0.05 0.21
8 0.405 0.43666666666666665 0.145 0.21333333333333335
1 0.19375 0.43833333333333335 0.045 0.21333333333333335
7 0.67375 0.56 0.1 0.04666666666666667
0 0.575 0.56 0.0975 0.04666666666666667
10 0.4775 0.5633333333333334 0.0975 0.04666666666666667
14 0.38125 0.5633333333333334 0.095 0.05
18 0.25375 0.565 0.1625 0.043333333333333335
2 0.575 0.6066666666666667 0.605 0.056666666666666664
12 0.2225 0.6116666666666667 0.1025 0.04666666666666667
3 0.52375 0.6516666666666666 0.705 0.05333333333333334