13 0.17317708333333334 0.27978515625 0.240234375 0.0390625
11 0.4368489583333333 0.2802734375 0.2903645833333333 0.03857421875
4 0.3033854166666667 0.3681640625 0.06770833333333333 0.13818359375
9 0.3658854166666667 0.3681640625 0.07291666666666667 0.1376953125
5 0.42578125 0.3681640625 0.055989583333333336 0.1376953125
6 0.4856770833333333 0.3681640625 0.07096354166666667 0.13623046875
17 0.55078125 0.36767578125 0.061848958333333336 0.1357421875
8 0.6712239583333334 0.36669921875 0.17838541666666666 0.13623046875
1 0.9290364583333334 0.36474609375 0.054036458333333336 0.13232421875
18 0.857421875 0.4453125 0.19661458333333334 0.02880859375
14 0.7005208333333334 0.447265625 0.11783854166666667 0.02880859375
10 0.5813802083333334 0.44873046875 0.11979166666666667 0.02880859375
0 0.4615885416666667 0.4501953125 0.119140625 0.0283203125
7 0.341796875 0.451171875 0.123046875 0.02880859375
16 0.17057291666666666 0.3955078125 0.21940104166666666 0.1474609375
12 0.8938802083333334 0.47216796875 0.12565104166666666 0.02880859375
2 0.4563802083333333 0.47802734375 0.75 0.0380859375
3 0.51953125 0.50537109375 0.875 0.0400390625
15 0.8131510416666666 0.23388671875 0.3430989583333333 0.056640625