13 0.85859375 0.7927083333333333 0.265625 0.08958333333333333
11 0.56328125 0.8177083333333334 0.334375 0.10208333333333333
15 0.171875 0.9270833333333334 0.340625 0.1125
7 0.6625 0.46458333333333335 0.15625 0.07708333333333334
0 0.51484375 0.48020833333333335 0.1515625 0.07916666666666666
10 0.36875 0.496875 0.146875 0.07916666666666666
2 0.525 0.41875 0.91875 0.175
3 0.49296875 0.36770833333333336 0.984375 0.19583333333333333
14 0.2296875 0.5166666666666667 0.146875 0.075
18 0.0828125 0.5354166666666667 0.1625 0.08333333333333333
12 0.0375 0.4875 0.071875 0.06666666666666667
16 0.8640625 0.5604166666666667 0.246875 0.325
4 0.7125 0.6291666666666667 0.08125 0.28541666666666665
8 0.28125 0.66875 0.234375 0.2875
9 0.63828125 0.6354166666666666 0.096875 0.2833333333333333
5 0.56796875 0.6416666666666667 0.08125 0.2791666666666667
1 0.021875 0.7072916666666667 0.040625 0.2604166666666667
6 0.4953125 0.65 0.103125 0.2833333333333333
17 0.41953125 0.65625 0.0953125 0.2791666666666667