16 0.8946666666666667 0.7242757242757243 0.18 0.13886113886113885
4 0.9173333333333333 0.6353646353646354 0.16266666666666665 0.04195804195804196
9 0.914 0.5934065934065934 0.164 0.04495504495504495
5 0.9113333333333333 0.5534465534465535 0.15866666666666668 0.03796203796203796
6 0.91 0.5124875124875125 0.15733333333333333 0.04795204795204795
17 0.91 0.4675324675324675 0.15733333333333333 0.04395604395604396
8 0.91 0.3856143856143856 0.16 0.12287712287712288
1 0.908 0.20679320679320679 0.15866666666666668 0.03896103896103896
2 0.7866666666666666 0.5334665334665335 0.048 0.5204795204795205
3 0.7513333333333333 0.4905094905094905 0.04666666666666667 0.6083916083916084
18 0.8126666666666666 0.25524475524475526 0.034666666666666665 0.13786213786213786
12 0.7793333333333333 0.22977022977022976 0.034666666666666665 0.08691308691308691
14 0.8146666666666667 0.36513486513486515 0.034666666666666665 0.08291708291708291
10 0.8153333333333334 0.44705294705294707 0.034666666666666665 0.08491508491508491
0 0.8153333333333334 0.52997002997003 0.03333333333333333 0.08391608391608392
7 0.818 0.6138861138861139 0.04 0.08591408591408592
15 0.6573333333333333 0.2842157842157842 0.06266666666666666 0.23976023976023977
13 0.612 0.7187812187812188 0.048 0.15584415584415584
11 0.6066666666666667 0.5439560439560439 0.04666666666666667 0.1958041958041958
16 0.4746666666666667 0.7282717282717283 0.17866666666666667 0.14285714285714285
4 0.5046666666666667 0.6373626373626373 0.16666666666666666 0.04095904095904096
9 0.504 0.5954045954045954 0.16666666666666666 0.04795204795204795
5 0.504 0.5544455544455544 0.16266666666666665 0.03596403596403597
6 0.5033333333333333 0.512987012987013 0.16266666666666665 0.04795204795204795
17 0.5033333333333333 0.468031968031968 0.16266666666666665 0.04395604395604396
8 0.5033333333333333 0.3856143856143856 0.16533333333333333 0.1258741258741259
1 0.502 0.2057942057942058 0.164 0.03996003996003996
18 0.404 0.25524475524475526 0.037333333333333336 0.13886113886113885
12 0.36933333333333335 0.22927072927072928 0.036 0.09090909090909091
14 0.4046666666666667 0.36413586413586413 0.036 0.08591408591408592
10 0.4046666666666667 0.44805194805194803 0.036 0.08491508491508491
0 0.4046666666666667 0.5314685314685315 0.037333333333333336 0.08491508491508491
7 0.404 0.6163836163836164 0.036 0.08791208791208792
2 0.36733333333333335 0.535964035964036 0.04 0.5274725274725275
3 0.33266666666666667 0.493006993006993 0.04 0.6143856143856143
15 0.25066666666666665 0.28121878121878124 0.05333333333333334 0.24275724275724275
13 0.19933333333333333 0.7192807192807192 0.04 0.15484515484515485
11 0.20133333333333334 0.5454545454545454 0.04 0.19480519480519481
16 0.08066666666666666 0.7242757242757243 0.16133333333333333 0.13586413586413587
1 0.10866666666666666 0.21578421578421578 0.15333333333333332 0.04295704295704296
4 0.10666666666666667 0.6383616383616384 0.15333333333333332 0.04095904095904096
9 0.10666666666666667 0.596903096903097 0.15333333333333332 0.04495504495504495
8 0.108 0.3901098901098901 0.15466666666666667 0.12387612387612387
18 0.016666666666666666 0.26673326673326675 0.03333333333333333 0.13586413586413587
5 0.106 0.5559440559440559 0.152 0.03696303696303696
6 0.106 0.514985014985015 0.15333333333333332 0.04795204795204795
17 0.10733333333333334 0.47152847152847155 0.152 0.04595404595404595
7 0.015333333333333332 0.6163836163836164 0.030666666666666665 0.08391608391608392
14 0.016666666666666666 0.37312687312687315 0.03333333333333333 0.08091908091908091
0 0.016 0.534965034965035 0.032 0.08291708291708291
10 0.016666666666666666 0.45354645354645357 0.03333333333333333 0.08191808191808192