15 0.7763419483101391 0.28 0.14910536779324055 0.07666666666666666
1 0.9304174950298211 0.5433333333333333 0.061630218687872766 0.22333333333333333
8 0.5964214711729622 0.5433333333333333 0.2147117296222664 0.22
18 0.8320079522862823 0.6866666666666666 0.2584493041749503 0.07333333333333333
13 0.12922465208747516 0.39166666666666666 0.18290258449304175 0.08666666666666667
11 0.3548707753479125 0.39 0.268389662027833 0.08333333333333333
5 0.32803180914512925 0.5433333333333333 0.06759443339960239 0.22333333333333333
0 0.35984095427435386 0.69 0.12922465208747516 0.07
2 0.4224652087475149 0.7483333333333333 0.7693836978131213 0.05333333333333334
12 0.8836978131212724 0.7483333333333333 0.15308151093439365 0.05333333333333334
16 0.11928429423459244 0.6033333333333334 0.16500994035785288 0.24333333333333335
3 0.4990059642147117 0.7983333333333333 0.9224652087475149 0.04666666666666667
6 0.3926441351888668 0.5433333333333333 0.0636182902584493 0.22333333333333333
10 0.4990059642147117 0.6883333333333334 0.15109343936381708 0.07
14 0.6381709741550696 0.6883333333333334 0.12922465208747516 0.07
9 0.27137176938369784 0.5433333333333333 0.04572564612326044 0.22333333333333333
4 0.22564612326043737 0.5433333333333333 0.04771371769383698 0.22333333333333333
7 0.24751491053677932 0.69 0.09542743538767395 0.07
17 0.4572564612326044 0.5433333333333333 0.06560636182902585 0.22