13 0.412109375 0.103515625 0.048828125 0.20703125
11 0.4072265625 0.3743489583333333 0.0498046875 0.3359375
15 0.3583984375 0.8268229166666666 0.044921875 0.3072916666666667
16 0.541015625 0.091796875 0.169921875 0.18359375
4 0.509765625 0.21419270833333334 0.1572265625 0.06901041666666667
9 0.5107421875 0.287109375 0.158203125 0.078125
5 0.50927734375 0.357421875 0.158203125 0.0625
6 0.5068359375 0.4296875 0.1591796875 0.08203125
17 0.50732421875 0.5071614583333334 0.16015625 0.078125
8 0.50341796875 0.6516927083333334 0.162109375 0.22265625
1 0.49951171875 0.9635416666666666 0.1611328125 0.0703125
7 0.60693359375 0.2526041666666667 0.037109375 0.14713541666666666
0 0.6044921875 0.400390625 0.0361328125 0.14583333333333334
10 0.6015625 0.544921875 0.03515625 0.1484375
14 0.59912109375 0.6907552083333334 0.0361328125 0.14583333333333334
18 0.595703125 0.880859375 0.0390625 0.23567708333333334
2 0.6376953125 0.427734375 0.048828125 0.85546875
12 0.62939453125 0.9251302083333334 0.0380859375 0.14713541666666666
3 0.6689453125 0.4993489583333333 0.05078125 0.9986979166666666