13 0.7259114583333334 0.75390625 0.047526041666666664 0.1650390625
11 0.7259114583333334 0.56494140625 0.048177083333333336 0.21435546875
15 0.7884114583333334 0.2822265625 0.07682291666666667 0.26123046875
16 0.5774739583333334 0.76171875 0.19270833333333334 0.150390625
4 0.6119791666666666 0.666015625 0.18098958333333334 0.04638671875
9 0.6119791666666666 0.619140625 0.18098958333333334 0.05224609375
5 0.611328125 0.57470703125 0.18033854166666666 0.04052734375
6 0.611328125 0.529296875 0.1796875 0.05224609375
17 0.6119791666666666 0.48046875 0.17903645833333334 0.046875
8 0.61328125 0.3896484375 0.1796875 0.13525390625
1 0.6145833333333334 0.193359375 0.17708333333333334 0.041015625
18 0.5065104166666666 0.2470703125 0.038411458333333336 0.14892578125
14 0.5052083333333334 0.36669921875 0.037760416666666664 0.08984375
10 0.50390625 0.45751953125 0.038411458333333336 0.0908203125
7 0.501953125 0.64013671875 0.037760416666666664 0.09326171875
0 0.5032552083333334 0.54833984375 0.037109375 0.09130859375
2 0.4654947916666667 0.55078125 0.044270833333333336 0.56787109375
12 0.4700520833333333 0.2197265625 0.037760416666666664 0.09375
3 0.4283854166666667 0.50341796875 0.046223958333333336 0.6611328125