15 0.198 0.15975103734439833 0.222 0.07468879668049792
11 0.554 0.24273858921161826 0.268 0.0954356846473029
1 0.075 0.46887966804979253 0.056 0.35269709543568467
12 0.107 0.7634854771784232 0.124 0.07883817427385892
13 0.79 0.24066390041493776 0.206 0.0954356846473029
16 0.809 0.533195020746888 0.188 0.3775933609958506
7 0.659 0.6867219917012448 0.12 0.07883817427385892
8 0.331 0.470954356846473 0.18 0.35684647302904565
18 0.143 0.6846473029045643 0.196 0.08298755186721991
2 0.535 0.7614107883817427 0.736 0.08298755186721991
3 0.474 0.8402489626556017 0.862 0.08298755186721991
4 0.69 0.46887966804979253 0.058 0.35684647302904565
0 0.539 0.6867219917012448 0.12 0.07468879668049792
5 0.571 0.470954356846473 0.054 0.35684647302904565
17 0.449 0.470954356846473 0.06 0.35684647302904565
9 0.63 0.46887966804979253 0.066 0.35684647302904565
6 0.512 0.470954356846473 0.066 0.35684647302904565
14 0.3 0.6867219917012448 0.12 0.07468879668049792
10 0.419 0.6867219917012448 0.12 0.07468879668049792