15 0.27 0.08933333333333333 0.082 0.17866666666666667
13 0.346 0.8686666666666667 0.062 0.26
16 0.526 0.888 0.238 0.22133333333333333
7 0.6155 0.68 0.052 0.20933333333333334
5 0.481 0.534 0.217 0.088
6 0.48 0.43533333333333335 0.217 0.11733333333333333
17 0.478 0.32866666666666666 0.218 0.108
9 0.4815 0.63 0.219 0.10933333333333334
4 0.483 0.7313333333333333 0.219 0.09733333333333333
11 0.3425 0.512 0.062 0.4573333333333333
8 0.4765 0.14266666666666666 0.219 0.2853333333333333
2 0.6595 0.49933333333333335 0.069 0.9986666666666667
10 0.6095 0.2733333333333333 0.049 0.20666666666666667
14 0.6075 0.088 0.049 0.176
0 0.6125 0.4746666666666667 0.05 0.20266666666666666
3 0.7085 0.49933333333333335 0.073 0.9986666666666667