15 0.494 0.6966966966966966 0.034 0.24324324324324326
11 0.515 0.32432432432432434 0.036 0.2852852852852853
13 0.516 0.0915915915915916 0.036 0.1831831831831832
6 0.586 0.36936936936936937 0.11 0.06906906906906907
8 0.586 0.545045045045045 0.106 0.17417417417417416
1 0.586 0.7747747747747747 0.102 0.07507507507507508
4 0.587 0.1891891891891892 0.112 0.057057057057057055
5 0.588 0.30930930930930933 0.11 0.057057057057057055
17 0.588 0.43093093093093093 0.11 0.06606606606606606
9 0.589 0.25075075075075076 0.112 0.06606606606606606
16 0.613 0.08258258258258258 0.13 0.16516516516516516
18 0.649 0.7012012012012012 0.028 0.17417417417417416
14 0.65 0.566066066066066 0.026 0.10810810810810811
10 0.652 0.45495495495495497 0.026 0.11411411411411411
0 0.654 0.3408408408408408 0.026 0.12012012012012012
7 0.658 0.21921921921921922 0.03 0.11711711711711711
12 0.669 0.7312312312312312 0.02 0.1021021021021021
2 0.681 0.3408408408408408 0.046 0.6816816816816816
2 0.704 0.39039039039039036 0.056 0.7807807807807807