13 0.22135416666666666 0.74951171875 0.201171875 0.03369140625
11 0.455078125 0.74755859375 0.2669270833333333 0.03564453125
16 0.20703125 0.64599609375 0.18359375 0.13525390625
4 0.3255208333333333 0.66943359375 0.054036458333333336 0.12841796875
9 0.3834635416666667 0.66748046875 0.06380208333333333 0.1279296875
5 0.4388020833333333 0.6669921875 0.05078125 0.1279296875
6 0.4954427083333333 0.6669921875 0.06640625 0.12841796875
17 0.556640625 0.666015625 0.060546875 0.12890625
8 0.6731770833333334 0.66552734375 0.17708333333333334 0.12841796875
1 0.927734375 0.66259765625 0.057291666666666664 0.12890625
7 0.3548177083333333 0.59130859375 0.11458333333333333 0.02783203125
0 0.4694010416666667 0.59033203125 0.11393229166666667 0.02783203125
10 0.5833333333333334 0.58837890625 0.11588541666666667 0.02783203125
14 0.6985677083333334 0.58740234375 0.11588541666666667 0.02783203125
18 0.85546875 0.58642578125 0.19661458333333334 0.02783203125
2 0.4713541666666667 0.56396484375 0.7115885416666666 0.03564453125
3 0.5345052083333334 0.53662109375 0.8365885416666666 0.037109375
12 0.8912760416666666 0.55908203125 0.125 0.0283203125
15 0.8209635416666666 0.787109375 0.3411458333333333 0.048828125