15 0.3353733170134639 0.8536299765807962 0.06854345165238677 0.28805620608899296
11 0.39412484700122397 0.3079625292740047 0.05018359853121175 0.5644028103044496
8 0.5122399020807834 0.7716627634660421 0.18604651162790697 0.3629976580796253
17 0.511015911872705 0.5292740046838408 0.18727050183598531 0.12646370023419204
6 0.5122399020807834 0.3981264637002342 0.18727050183598531 0.13817330210772832
10 0.6242350061199511 0.5901639344262295 0.03916768665850673 0.24355971896955503
7 0.6248470012239902 0.11592505854800937 0.04039167686658507 0.23185011709601874
0 0.6248470012239902 0.35011709601873536 0.03916768665850673 0.24121779859484777
5 0.5128518971848225 0.27985948477751754 0.18604651162790697 0.10772833723653395
9 0.5128518971848225 0.16276346604215455 0.18604651162790697 0.1358313817330211
4 0.5122399020807834 0.04918032786885246 0.18727050183598531 0.09836065573770492
2 0.664014687882497 0.49882903981264637 0.042839657282741736 0.9976580796252927
3 0.7037943696450428 0.49882903981264637 0.044063647490820076 0.9976580796252927
14 0.6236230110159119 0.832552693208431 0.03916768665850673 0.24355971896955503