15 0.30925925925925923 0.7909722222222222 0.2796296296296296 0.06805555555555555
15 0.2412037037037037 0.6916666666666667 0.2916666666666667 0.07083333333333333
13 0.7712962962962963 0.6576388888888889 0.19537037037037036 0.07083333333333333
11 0.5550925925925926 0.6444444444444445 0.23981481481481481 0.0625
16 0.7944444444444444 0.4861111111111111 0.1962962962962963 0.2375
2 0.5421296296296296 0.3451388888888889 0.7111111111111111 0.05555555555555555
3 0.48194444444444445 0.29583333333333334 0.8407407407407408 0.058333333333333334
8 0.34953703703703703 0.5145833333333333 0.17314814814814813 0.2013888888888889
10 0.42592592592592593 0.39375 0.11203703703703703 0.04861111111111111
7 0.6481481481481481 0.38958333333333334 0.11481481481481481 0.04861111111111111
0 0.5361111111111111 0.3909722222222222 0.10925925925925926 0.04722222222222222
18 0.17037037037037037 0.38819444444444445 0.18796296296296297 0.05277777777777778
1 0.12268518518518519 0.5076388888888889 0.07777777777777778 0.20277777777777778
17 0.45740740740740743 0.5152777777777777 0.06111111111111111 0.2013888888888889
12 0.1300925925925926 0.3402777777777778 0.12407407407407407 0.05138888888888889
4 0.674074074074074 0.5194444444444445 0.05648148148148148 0.20972222222222223
9 0.6194444444444445 0.5173611111111112 0.062037037037037036 0.20833333333333334
5 0.5671296296296297 0.5159722222222223 0.04814814814814815 0.20555555555555555
6 0.512962962962963 0.5145833333333333 0.062037037037037036 0.2013888888888889
13 0.9060185185185186 0.7736111111111111 0.03796296296296296 0.05555555555555555
16 0.9208333333333333 0.6013888888888889 0.05555555555555555 0.22916666666666666
2 0.9347222222222222 0.46319444444444446 0.03518518518518519 0.04583333333333333
3 0.9402777777777778 0.41597222222222224 0.037037037037037035 0.04861111111111111
14 0.3162037037037037 0.39375 0.11296296296296296 0.04861111111111111