13 0.1015625 0.7373046875 0.052083333333333336 0.1591796875
16 0.24153645833333334 0.73876953125 0.18033854166666666 0.14599609375
4 0.21028645833333334 0.6513671875 0.166015625 0.04443359375
9 0.21028645833333334 0.6103515625 0.1640625 0.04931640625
5 0.21158854166666666 0.5712890625 0.16276041666666666 0.03857421875
6 0.2109375 0.5322265625 0.16145833333333334 0.0478515625
17 0.21028645833333334 0.4892578125 0.16080729166666666 0.04248046875
8 0.20768229166666666 0.40966796875 0.1640625 0.1201171875
1 0.19921875 0.234375 0.158203125 0.04052734375
18 0.2955729166666667 0.28125 0.039713541666666664 0.13671875
14 0.3014322916666667 0.388671875 0.036458333333333336 0.07958984375
10 0.3053385416666667 0.4677734375 0.035807291666666664 0.07958984375
0 0.3079427083333333 0.54638671875 0.034505208333333336 0.07861328125
7 0.3098958333333333 0.6259765625 0.033854166666666664 0.08154296875
2 0.33984375 0.55029296875 0.052734375 0.5
3 0.37109375 0.50439453125 0.05859375 0.58642578125
12 0.3274739583333333 0.25634765625 0.037109375 0.08837890625
11 0.10677083333333333 0.56494140625 0.048177083333333336 0.18896484375
15 0.049479166666666664 0.318359375 0.07291666666666667 0.24072265625