13 0.19 0.5722222222222222 0.235 0.07111111111111111
11 0.44666666666666666 0.5733333333333334 0.285 0.06888888888888889
16 0.18 0.37666666666666665 0.21166666666666667 0.26666666666666666
4 0.31 0.42 0.06333333333333334 0.24888888888888888
9 0.37083333333333335 0.4177777777777778 0.06833333333333333 0.2511111111111111
5 0.42833333333333334 0.4177777777777778 0.056666666666666664 0.24888888888888888
6 0.48833333333333334 0.41333333333333333 0.07333333333333333 0.25333333333333335
17 0.5525 0.41333333333333333 0.06333333333333334 0.25555555555555554
7 0.33666666666666667 0.26666666666666666 0.12833333333333333 0.06
0 0.45916666666666667 0.2633333333333333 0.12333333333333334 0.057777777777777775
10 0.5816666666666667 0.2588888888888889 0.12166666666666667 0.057777777777777775
14 0.7033333333333334 0.25333333333333335 0.12166666666666667 0.06
18 0.8666666666666667 0.24888888888888888 0.20666666666666667 0.06444444444444444
8 0.6741666666666667 0.41 0.18666666666666668 0.26
1 0.9366666666666666 0.4011111111111111 0.06666666666666667 0.25555555555555554
15 0.8233333333333334 0.6466666666666666 0.35 0.09777777777777778
12 0.9058333333333334 0.1922222222222222 0.13166666666666665 0.06
2 0.455 0.2088888888888889 0.7783333333333333 0.08666666666666667
3 0.5183333333333333 0.15333333333333332 0.915 0.09333333333333334