13 0.825 0.211864406779661 0.20277777777777778 0.1059322033898305
11 0.5898148148148148 0.21398305084745764 0.26851851851851855 0.10805084745762712
15 0.22870370370370371 0.11970338983050847 0.24074074074074073 0.09745762711864407
4 0.7180555555555556 0.4576271186440678 0.053703703703703705 0.3834745762711864
9 0.6597222222222222 0.4586864406779661 0.06388888888888888 0.3855932203389831
5 0.6037037037037037 0.4597457627118644 0.05 0.3855932203389831
6 0.5467592592592593 0.4597457627118644 0.06481481481481481 0.3877118644067797
17 0.4847222222222222 0.4608050847457627 0.06018518518518518 0.3855932203389831
8 0.36944444444444446 0.461864406779661 0.1712962962962963 0.3898305084745763
1 0.11805555555555555 0.4639830508474576 0.05277777777777778 0.3834745762711864
7 0.6861111111111111 0.690677966101695 0.11666666666666667 0.0847457627118644
0 0.5712962962962963 0.6927966101694916 0.11388888888888889 0.0826271186440678
10 0.45601851851851855 0.6949152542372882 0.1175925925925926 0.0826271186440678
14 0.34074074074074073 0.6970338983050848 0.11388888888888889 0.0826271186440678
18 0.18796296296296297 0.6991525423728814 0.1925925925925926 0.0826271186440678
12 0.1527777777777778 0.7796610169491526 0.12222222222222222 0.0826271186440678
2 0.5703703703703704 0.7733050847457628 0.7138888888888889 0.09110169491525423
3 0.5097222222222222 0.8548728813559322 0.8361111111111111 0.08898305084745763
16 0.8361111111111111 0.5264830508474576 0.18333333333333332 0.4067796610169492