11 0.005333333333333333 0.45754245754245754 0.010666666666666666 0.1918081918081918
16 0.10533333333333333 0.2757242757242757 0.18 0.13886113886113885
4 0.082 0.3646353646353646 0.164 0.04095904095904096
9 0.086 0.4065934065934066 0.164 0.04495504495504495
5 0.08866666666666667 0.44655344655344653 0.15866666666666668 0.03796203796203796
6 0.09 0.4875124875124875 0.15733333333333333 0.04795204795204795
17 0.09 0.5324675324675324 0.15733333333333333 0.04395604395604396
8 0.09 0.6143856143856143 0.16 0.12287712287712288
1 0.092 0.7932067932067932 0.15866666666666668 0.03896103896103896
2 0.21333333333333335 0.46653346653346656 0.048 0.5204795204795205
3 0.24866666666666667 0.5094905094905094 0.04666666666666667 0.6083916083916084
18 0.18733333333333332 0.7447552447552448 0.034666666666666665 0.13786213786213786
12 0.22066666666666668 0.7702297702297702 0.034666666666666665 0.08691308691308691
14 0.18533333333333332 0.6348651348651349 0.034666666666666665 0.08291708291708291
10 0.18466666666666667 0.5529470529470529 0.034666666666666665 0.08491508491508491
0 0.18466666666666667 0.47002997002997005 0.03333333333333333 0.08391608391608392
7 0.182 0.38611388611388614 0.04 0.08591408591408592
15 0.3426666666666667 0.7157842157842158 0.06266666666666666 0.23976023976023977
13 0.388 0.28121878121878124 0.048 0.15584415584415584
11 0.3933333333333333 0.45604395604395603 0.04666666666666667 0.1958041958041958
16 0.5253333333333333 0.27172827172827174 0.17866666666666667 0.14285714285714285
4 0.49533333333333335 0.3626373626373626 0.16666666666666666 0.04095904095904096
9 0.496 0.4045954045954046 0.16666666666666666 0.04795204795204795
5 0.496 0.44555444555444557 0.16266666666666665 0.03596403596403597
6 0.49666666666666665 0.487012987012987 0.16266666666666665 0.04795204795204795
17 0.49666666666666665 0.531968031968032 0.16266666666666665 0.04395604395604396
8 0.49666666666666665 0.6143856143856143 0.16533333333333333 0.1258741258741259
1 0.498 0.7942057942057942 0.164 0.03996003996003996
18 0.596 0.7447552447552448 0.037333333333333336 0.13886113886113885
12 0.6306666666666667 0.7707292707292708 0.036 0.09090909090909091
14 0.5953333333333334 0.6358641358641358 0.036 0.08591408591408592
10 0.5953333333333334 0.551948051948052 0.036 0.08491508491508491
0 0.5953333333333334 0.46853146853146854 0.037333333333333336 0.08491508491508491
7 0.596 0.3836163836163836 0.036 0.08791208791208792
2 0.6326666666666667 0.46403596403596403 0.04 0.5274725274725275
3 0.6673333333333333 0.506993006993007 0.04 0.6143856143856143
15 0.7493333333333333 0.7187812187812188 0.05333333333333334 0.24275724275724275
13 0.8006666666666666 0.2807192807192807 0.04 0.15484515484515485
11 0.7986666666666666 0.45454545454545453 0.04 0.19480519480519481
16 0.9186666666666666 0.2757242757242757 0.16 0.13586413586413587
1 0.8913333333333333 0.7842157842157842 0.15333333333333332 0.04295704295704296
4 0.8933333333333333 0.36163836163836166 0.15333333333333332 0.04095904095904096
9 0.8933333333333333 0.4030969030969031 0.15333333333333332 0.04495504495504495
8 0.892 0.6098901098901099 0.15466666666666667 0.12387612387612387
18 0.9826666666666667 0.7342657342657343 0.032 0.13586413586413587
5 0.894 0.44405594405594406 0.152 0.03696303696303696
6 0.894 0.485014985014985 0.15333333333333332 0.04795204795204795
17 0.8926666666666667 0.5284715284715285 0.152 0.04595404595404595
7 0.984 0.3836163836163836 0.029333333333333333 0.08391608391608392
14 0.9826666666666667 0.6268731268731269 0.032 0.08091908091908091
0 0.984 0.466033966033966 0.029333333333333333 0.08291708291708291
10 0.9826666666666667 0.5474525474525475 0.032 0.08191808191808192