13 0.12673267326732673 0.21 0.25346534653465347 0.09
11 0.4198019801980198 0.21666666666666667 0.3346534653465347 0.09333333333333334
15 0.8504950495049505 0.15333333333333332 0.27920792079207923 0.08333333333333333
16 0.11089108910891089 0.49166666666666664 0.21782178217821782 0.38333333333333336
4 0.2495049504950495 0.43 0.08316831683168317 0.35333333333333333
9 0.3227722772277228 0.43166666666666664 0.0891089108910891 0.3566666666666667
5 0.39702970297029705 0.435 0.06732673267326733 0.35333333333333333
6 0.47425742574257423 0.435 0.08712871287128712 0.35
17 0.5544554455445545 0.43666666666666665 0.08316831683168317 0.35
8 0.700990099009901 0.43833333333333335 0.22772277227722773 0.35
1 0.9742574257425742 0.44333333333333336 0.047524752475247525 0.33666666666666667
7 0.28316831683168314 0.6466666666666666 0.15841584158415842 0.08
0 0.4396039603960396 0.65 0.15841584158415842 0.08
10 0.596039603960396 0.6516666666666666 0.15445544554455445 0.08
14 0.7465346534653465 0.65 0.1504950495049505 0.08
18 0.906930693069307 0.65 0.18217821782178217 0.07666666666666666
2 0.45643564356435645 0.7233333333333334 0.9128712871287129 0.09
12 0.9534653465346534 0.725 0.09108910891089109 0.08333333333333333
3 0.499009900990099 0.8083333333333333 0.998019801980198 0.09333333333333334