13 0.36375 0.10666666666666667 0.0575 0.21333333333333335
15 0.33875 0.8566666666666667 0.0475 0.28
16 0.50875 0.09 0.1925 0.18
4 0.4775 0.21 0.175 0.08
11 0.37125 0.39166666666666666 0.055 0.36666666666666664
8 0.485 0.6866666666666666 0.175 0.23
18 0.59375 0.8983333333333333 0.0425 0.19666666666666666
10 0.58875 0.57 0.04 0.16
14 0.59 0.725 0.0375 0.15333333333333332
5 0.48 0.37 0.175 0.07333333333333333
6 0.4825 0.4483333333333333 0.175 0.09666666666666666
17 0.4825 0.5316666666666666 0.175 0.08666666666666667
9 0.48 0.2916666666666667 0.1775 0.09333333333333334
7 0.58375 0.25 0.0375 0.16666666666666666
0 0.58625 0.4116666666666667 0.04 0.16
1 0.48875 0.9883333333333333 0.1725 0.016666666666666666
2 0.62625 0.45 0.0475 0.9
3 0.66375 0.49833333333333335 0.0475 0.9966666666666667
12 0.63125 0.9433333333333334 0.0425 0.10666666666666667