13 0.22713414634146342 0.6632231404958677 0.1676829268292683 0.07644628099173553
11 0.4192073170731707 0.6611570247933884 0.21747967479674796 0.0743801652892562
16 0.2184959349593496 0.44008264462809915 0.15345528455284552 0.29132231404958675
4 0.3170731707317073 0.48760330578512395 0.04369918699186992 0.2727272727272727
9 0.3633130081300813 0.48863636363636365 0.049796747967479675 0.2727272727272727
5 0.40853658536585363 0.48863636363636365 0.041666666666666664 0.2727272727272727
6 0.45426829268292684 0.48863636363636365 0.052845528455284556 0.2727272727272727
17 0.5035569105691057 0.4865702479338843 0.047764227642276426 0.2727272727272727
8 0.5955284552845529 0.4855371900826446 0.13617886178861788 0.2727272727272727
1 0.7957317073170732 0.4855371900826446 0.04369918699186992 0.2706611570247934
2 0.4303861788617886 0.26239669421487605 0.5792682926829268 0.05785123966942149
3 0.4801829268292683 0.20351239669421486 0.6778455284552846 0.05991735537190083
12 0.7688008130081301 0.26136363636363635 0.10060975609756098 0.05991735537190083
18 0.7403455284552846 0.3202479338842975 0.1565040650406504 0.05991735537190083
15 0.7169715447154471 0.731404958677686 0.2032520325203252 0.08057851239669421
7 0.34146341463414637 0.32231404958677684 0.09451219512195122 0.05785123966942149
0 0.4344512195121951 0.32231404958677684 0.09247967479674797 0.05785123966942149
10 0.5264227642276422 0.3212809917355372 0.09247967479674797 0.06198347107438017
14 0.6178861788617886 0.32231404958677684 0.09247967479674797 0.05991735537190083