16 0.043619791666666664 0.25634765625 0.046875 0.1533203125
11 0.0390625 0.43408203125 0.048177083333333336 0.203125
16 0.18033854166666666 0.248046875 0.181640625 0.13916015625
4 0.14778645833333334 0.33740234375 0.169921875 0.04150390625
9 0.146484375 0.3818359375 0.169921875 0.04833984375
5 0.146484375 0.423828125 0.17057291666666666 0.0390625
6 0.14518229166666666 0.46728515625 0.17057291666666666 0.05126953125
17 0.14388020833333334 0.5146484375 0.17057291666666666 0.04638671875
8 0.14127604166666666 0.60302734375 0.17252604166666666 0.13330078125
1 0.13671875 0.794921875 0.169921875 0.04541015625
7 0.25 0.36181640625 0.036458333333333336 0.0888671875
0 0.248046875 0.44970703125 0.037760416666666664 0.08740234375
10 0.24609375 0.53759765625 0.0390625 0.0888671875
14 0.24348958333333334 0.6259765625 0.038411458333333336 0.087890625
18 0.240234375 0.744140625 0.0390625 0.14892578125
2 0.283203125 0.45166015625 0.049479166666666664 0.54638671875
12 0.275390625 0.77197265625 0.037109375 0.095703125
3 0.3177083333333333 0.4990234375 0.050130208333333336 0.64306640625