15 0.83203125 0.8203125 0.3346354166666667 0.07421875
13 0.2591145833333333 0.83837890625 0.19921875 0.0498046875
11 0.4837239583333333 0.81591796875 0.2604166666666667 0.056640625
16 0.22916666666666666 0.74072265625 0.19791666666666666 0.14501953125
8 0.6796875 0.71875 0.18815104166666666 0.13720703125
1 0.9251302083333334 0.6953125 0.07356770833333333 0.126953125
7 0.3626302083333333 0.67529296875 0.115234375 0.037109375
4 0.3463541666666667 0.751953125 0.07291666666666667 0.126953125
9 0.4016927083333333 0.74609375 0.08203125 0.12744140625
18 0.84375 0.62744140625 0.19270833333333334 0.04443359375
12 0.8736979166666666 0.5986328125 0.12434895833333333 0.03759765625
14 0.6946614583333334 0.642578125 0.11588541666666667 0.0361328125
10 0.5833333333333334 0.65283203125 0.11653645833333333 0.03662109375
17 0.5696614583333334 0.7294921875 0.07942708333333333 0.12646484375
6 0.509765625 0.7353515625 0.08463541666666667 0.12744140625
5 0.455078125 0.74072265625 0.06901041666666667 0.1259765625
0 0.47265625 0.66357421875 0.11328125 0.03662109375
2 0.4700520833333333 0.6396484375 0.689453125 0.095703125
3 0.5260416666666666 0.607421875 0.810546875 0.10693359375