15 0.6800947867298578 0.10666666666666667 0.07109004739336493 0.21333333333333335
11 0.6287519747235387 0.6316666666666667 0.05055292259083728 0.6
2 0.37282780410742494 0.49833333333333335 0.044233807266982623 0.9966666666666667
3 0.33649289099526064 0.49833333333333335 0.044233807266982623 0.9966666666666667
8 0.5157977883096366 0.17 0.17851500789889416 0.34
6 0.5157977883096366 0.54 0.1769352290679305 0.14666666666666667
17 0.5157977883096366 0.40166666666666667 0.1769352290679305 0.13
5 0.5165876777251185 0.665 0.1769352290679305 0.11333333333333333
9 0.5165876777251185 0.79 0.1769352290679305 0.14
0 0.4075829383886256 0.5966666666666667 0.04107424960505529 0.26
4 0.5165876777251185 0.9183333333333333 0.1769352290679305 0.12
7 0.40837282780410744 0.8516666666666667 0.04107424960505529 0.25333333333333335
14 0.40916271721958924 0.10666666666666667 0.04107424960505529 0.21333333333333335
10 0.40837282780410744 0.3383333333333333 0.03949447077409163 0.26