13 0.835 0.14673913043478262 0.175 0.08478260869565217
11 0.6335 0.14456521739130435 0.229 0.08695652173913043
15 0.327 0.05 0.286 0.1
16 0.8435 0.40217391304347827 0.155 0.33043478260869563
4 0.744 0.34347826086956523 0.045 0.3108695652173913
9 0.695 0.3423913043478261 0.053 0.3108695652173913
5 0.647 0.3423913043478261 0.043 0.3130434782608696
6 0.5985 0.3423913043478261 0.056 0.31521739130434784
17 0.546 0.34130434782608693 0.051 0.31521739130434784
8 0.448 0.34130434782608693 0.146 0.3130434782608696
1 0.2335 0.3423913043478261 0.045 0.31521739130434784
7 0.7175 0.5315217391304348 0.098 0.06521739130434782
0 0.62 0.5304347826086957 0.097 0.06521739130434782
10 0.5215 0.5304347826086957 0.099 0.06739130434782609
14 0.4235 0.5304347826086957 0.096 0.06739130434782609
18 0.2935 0.5304347826086957 0.165 0.06739130434782609
2 0.6185 0.5978260869565217 0.606 0.06739130434782609
3 0.566 0.6641304347826087 0.71 0.06956521739130435
12 0.2635 0.5967391304347827 0.105 0.06521739130434782