13 0.8478571428571429 0.23285714285714285 0.22142857142857142 0.1
11 0.5878571428571429 0.23142857142857143 0.2985714285714286 0.09714285714285714
15 0.1957142857142857 0.14142857142857143 0.25 0.08857142857142856
16 0.8578571428571429 0.5314285714285715 0.2 0.38857142857142857
4 0.73 0.4657142857142857 0.05857142857142857 0.36857142857142855
9 0.665 0.4657142857142857 0.07 0.36857142857142855
7 0.695 0.6885714285714286 0.12857142857142856 0.08
8 0.3457142857142857 0.4657142857142857 0.19 0.36857142857142855
18 0.1492857142857143 0.68 0.2042857142857143 0.08
1 0.07642857142857143 0.4642857142857143 0.055714285714285716 0.36
2 0.5664285714285714 0.7642857142857142 0.7828571428571428 0.08857142857142856
3 0.5021428571428571 0.84 0.9085714285714286 0.08857142857142856
12 0.11285714285714285 0.7571428571428571 0.12857142857142856 0.07428571428571429
5 0.6035714285714285 0.4657142857142857 0.055714285714285716 0.37142857142857144
6 0.54 0.46285714285714286 0.07428571428571429 0.3657142857142857
17 0.47214285714285714 0.4657142857142857 0.06571428571428571 0.36857142857142855
0 0.5671428571428572 0.6885714285714286 0.12857142857142856 0.07714285714285714
10 0.4392857142857143 0.6871428571428572 0.12714285714285714 0.08
14 0.31285714285714283 0.6842857142857143 0.12428571428571429 0.08
18 0.15 0.6814285714285714 0.2042857142857143 0.07714285714285714