13 0.19907407407407407 0.6527777777777778 0.20555555555555555 0.0763888888888889
15 0.7555555555555555 0.6784722222222223 0.31203703703703706 0.0875
16 0.1675925925925926 0.47430555555555554 0.21203703703703702 0.25277777777777777
4 0.2949074074074074 0.5041666666666667 0.06759259259259259 0.22083333333333333
11 0.42268518518518516 0.6333333333333333 0.25 0.07083333333333333
2 0.4236111111111111 0.3090277777777778 0.7425925925925926 0.08333333333333333
3 0.48657407407407405 0.25277777777777777 0.8805555555555555 0.09305555555555556
12 0.8564814814814815 0.2881944444444444 0.12962962962962962 0.06111111111111111
1 0.8726851851851852 0.4708333333333333 0.07314814814814814 0.21944444444444444
18 0.8157407407407408 0.3416666666666667 0.19722222222222222 0.06527777777777778
8 0.6314814814814815 0.48333333333333334 0.17037037037037037 0.2222222222222222
14 0.663425925925926 0.35208333333333336 0.11574074074074074 0.05555555555555555
17 0.5194444444444445 0.4909722222222222 0.05925925925925926 0.21666666666666667
15 0.6722222222222223 0.7868055555555555 0.2759259259259259 0.08194444444444444
13 0.16296296296296298 0.7868055555555555 0.23425925925925925 0.08333333333333333
9 0.35 0.49930555555555556 0.07314814814814814 0.2222222222222222
5 0.4046296296296296 0.4979166666666667 0.05555555555555555 0.21666666666666667
6 0.4583333333333333 0.49375 0.06666666666666667 0.21666666666666667
7 0.31527777777777777 0.36875 0.12037037037037036 0.058333333333333334
0 0.43194444444444446 0.36180555555555555 0.11574074074074074 0.05277777777777778
10 0.5486111111111112 0.35833333333333334 0.11851851851851852 0.058333333333333334
16 0.03564814814814815 0.6152777777777778 0.06944444444444445 0.25277777777777777
2 0.024537037037037038 0.4722222222222222 0.04722222222222222 0.06388888888888888
3 0.020833333333333332 0.4215277777777778 0.041666666666666664 0.059722222222222225