13 0.166 0.32321428571428573 0.192 0.08571428571428572
11 0.392 0.32142857142857145 0.26 0.07857142857142857
18 0.155 0.5625 0.172 0.3142857142857143
4 0.266 0.5089285714285714 0.056 0.29642857142857143
8 0.606 0.5035714285714286 0.166 0.2892857142857143
1 0.851 0.5 0.058 0.29642857142857143
15 0.74 0.21607142857142858 0.326 0.1357142857142857
2 0.414 0.7464285714285714 0.686 0.075
3 0.478 0.8089285714285714 0.812 0.075
9 0.324 0.5089285714285714 0.06 0.29642857142857143
5 0.379 0.5142857142857142 0.052 0.2785714285714286
6 0.436 0.5142857142857142 0.064 0.275
17 0.495 0.5053571428571428 0.054 0.29285714285714287
7 0.295 0.6857142857142857 0.118 0.06428571428571428
0 0.411 0.6857142857142857 0.116 0.07142857142857142
10 0.524 0.6803571428571429 0.112 0.060714285714285714
14 0.635 0.6803571428571429 0.112 0.06428571428571428
18 0.786 0.6785714285714286 0.194 0.060714285714285714
12 0.82 0.7392857142857143 0.13 0.06428571428571428