15 0.3125 0.9208333333333333 0.046052631578947366 0.1527777777777778
11 0.3605263157894737 0.33055555555555555 0.05 0.5694444444444444
8 0.47960526315789476 0.7986111111111112 0.18947368421052632 0.3638888888888889
4 0.48092105263157897 0.06111111111111111 0.18947368421052632 0.11388888888888889
7 0.5953947368421053 0.12777777777777777 0.039473684210526314 0.24722222222222223
0 0.5953947368421053 0.37222222222222223 0.04078947368421053 0.24166666666666667
6 0.48026315789473684 0.4222222222222222 0.18947368421052632 0.14166666666666666
17 0.47960526315789476 0.5527777777777778 0.18947368421052632 0.13055555555555556
5 0.48092105263157897 0.3013888888888889 0.18947368421052632 0.10555555555555556
9 0.48092105263157897 0.18333333333333332 0.18947368421052632 0.13333333333333333
10 0.5947368421052631 0.6138888888888889 0.039473684210526314 0.24722222222222223
14 0.5947368421052631 0.8597222222222223 0.039473684210526314 0.24444444444444444
2 0.6361842105263158 0.4986111111111111 0.04342105263157895 0.9972222222222222
3 0.675 0.4986111111111111 0.04473684210526316 0.9972222222222222