13 0.17739403453689168 0.24067796610169492 0.25745682888540034 0.1288135593220339
11 0.4686028257456829 0.23728813559322035 0.32653061224489793 0.12542372881355932
15 0.847723704866562 0.10338983050847457 0.29356357927786497 0.16610169491525423
4 0.3116169544740973 0.5322033898305085 0.0706436420722135 0.46779661016949153
9 0.38540031397174257 0.5305084745762711 0.08006279434850863 0.46440677966101696
5 0.45604395604395603 0.5305084745762711 0.06436420722135008 0.46440677966101696
6 0.5274725274725275 0.5305084745762711 0.08634222919937205 0.4610169491525424
17 0.6036106750392465 0.5288135593220339 0.08320251177394035 0.4610169491525424
8 0.7456828885400314 0.523728813559322 0.22448979591836735 0.4576271186440678
7 0.35086342229199374 0.8186440677966101 0.152276295133438 0.11186440677966102
0 0.5 0.8135593220338984 0.14756671899529042 0.10847457627118644
10 0.6459968602825745 0.8050847457627118 0.14913657770800628 0.10847457627118644
14 0.7904238618524333 0.8 0.14756671899529042 0.10508474576271186
18 0.9254317111459969 0.7932203389830509 0.13343799058084774 0.11186440677966102
2 0.4897959183673469 0.9135593220338983 0.9340659340659341 0.1423728813559322
12 0.9709576138147566 0.888135593220339 0.0423861852433281 0.10508474576271186
16 0.152276295133438 0.6271186440677966 0.25117739403453687 0.5152542372881356
3 0.5572998430141287 0.964406779661017 0.8728414442700158 0.05084745762711865