13 0.3418181818181818 0.9424157303370787 0.07636363636363637 0.10955056179775281
11 0.31363636363636366 0.6278089887640449 0.056363636363636366 0.5224719101123596
15 0.27 0.1404494382022472 0.07454545454545454 0.2808988764044944
4 0.43454545454545457 0.8890449438202247 0.19090909090909092 0.12078651685393259
9 0.4254545454545455 0.7640449438202247 0.19090909090909092 0.1348314606741573
5 0.41909090909090907 0.6474719101123596 0.18545454545454546 0.12078651685393259
6 0.4172727272727273 0.5252808988764045 0.18181818181818182 0.1601123595505618
17 0.4172727272727273 0.4002808988764045 0.18 0.1544943820224719
8 0.42 0.1853932584269663 0.18181818181818182 0.3707865168539326
7 0.5445454545454546 0.8258426966292135 0.06545454545454546 0.2640449438202247
0 0.5327272727272727 0.5660112359550562 0.05272727272727273 0.25842696629213485
10 0.53 0.3160112359550562 0.045454545454545456 0.25280898876404495
14 0.5309090909090909 0.10112359550561797 0.04727272727272727 0.20224719101123595
2 0.5972727272727273 0.49859550561797755 0.1 0.9971910112359551
3 0.6427272727272727 0.49859550561797755 0.11090909090909092 0.9971910112359551