15 0.198 0.8402489626556017 0.222 0.07468879668049792
11 0.554 0.7572614107883817 0.268 0.0954356846473029
1 0.075 0.5311203319502075 0.056 0.35269709543568467
12 0.107 0.23651452282157676 0.124 0.07883817427385892
13 0.79 0.7593360995850622 0.206 0.0954356846473029
16 0.809 0.46680497925311204 0.188 0.3775933609958506
7 0.659 0.3132780082987552 0.12 0.07883817427385892
8 0.331 0.529045643153527 0.18 0.35684647302904565
18 0.143 0.3153526970954357 0.196 0.08298755186721991
2 0.535 0.23858921161825727 0.736 0.08298755186721991
3 0.474 0.15975103734439833 0.862 0.08298755186721991
4 0.69 0.5311203319502075 0.058 0.35684647302904565
0 0.539 0.3132780082987552 0.12 0.07468879668049792
5 0.571 0.529045643153527 0.054 0.35684647302904565
17 0.449 0.529045643153527 0.06 0.35684647302904565
9 0.63 0.5311203319502075 0.066 0.35684647302904565
6 0.512 0.529045643153527 0.066 0.35684647302904565
14 0.3 0.3132780082987552 0.12 0.07468879668049792
10 0.419 0.3132780082987552 0.12 0.07468879668049792