15 0.1976 0.7036247334754797 0.2216 0.05863539445628998
1 0.1308 0.5287846481876333 0.072 0.18763326226012794
7 0.6224 0.43443496801705755 0.1024 0.04371002132196162
11 0.5308 0.6716417910447762 0.248 0.06823027718550106
8 0.3412 0.5389125799573561 0.1632 0.19616204690831557
18 0.2024 0.4195095948827292 0.1592 0.042643923240938165
13 0.7516 0.6844349680170576 0.1928 0.06823027718550106
16 0.7588 0.523454157782516 0.1704 0.21428571428571427
17 0.4416 0.5431769722814499 0.0608 0.1929637526652452
5 0.5472 0.5474413646055437 0.0488 0.19616204690831557
6 0.4964 0.5453091684434968 0.0648 0.19509594882729211
9 0.5968 0.5506396588486141 0.0592 0.19829424307036247
4 0.6496 0.5533049040511727 0.0504 0.19616204690831557
12 0.1792 0.38326226012793174 0.1032 0.03837953091684435
2 0.53 0.39498933901918976 0.6056 0.05970149253731343
3 0.4816 0.35714285714285715 0.6976 0.05650319829424307
14 0.3276 0.423773987206823 0.0992 0.04051172707889126
10 0.4236 0.42643923240938164 0.1016 0.042643923240938165
0 0.5224 0.43017057569296374 0.1 0.042643923240938165