15 0.8024 0.29637526652452023 0.2216 0.05863539445628998
1 0.8692 0.47121535181236673 0.072 0.18763326226012794
7 0.3776 0.5655650319829424 0.1024 0.04371002132196162
11 0.4692 0.3283582089552239 0.248 0.06823027718550106
8 0.6588 0.4610874200426439 0.1632 0.19616204690831557
18 0.7976 0.5804904051172708 0.1592 0.042643923240938165
13 0.2484 0.31556503198294245 0.1928 0.06823027718550106
16 0.2412 0.47654584221748403 0.1704 0.21428571428571427
17 0.5584 0.4568230277185501 0.0608 0.1929637526652452
5 0.4528 0.4525586353944563 0.0488 0.19616204690831557
6 0.5036 0.4546908315565032 0.0648 0.19509594882729211
9 0.4032 0.4493603411513859 0.0592 0.19829424307036247
4 0.3504 0.4466950959488273 0.0504 0.19616204690831557
12 0.8208 0.6167377398720683 0.1032 0.03837953091684435
2 0.47 0.6050106609808102 0.6056 0.05970149253731343
3 0.5184 0.6428571428571429 0.6976 0.05650319829424307
14 0.6724 0.576226012793177 0.0992 0.04051172707889126
10 0.5764 0.5735607675906184 0.1016 0.042643923240938165
0 0.4776 0.5698294243070362 0.1 0.042643923240938165