15 0.2822265625 0.12629757785467127 0.087890625 0.25259515570934254
11 0.3212890625 0.6782006920415224 0.08203125 0.615916955017301
8 0.4658203125 0.20242214532871972 0.20703125 0.3356401384083045
14 0.58984375 0.1453287197231834 0.046875 0.22145328719723184
17 0.46484375 0.4342560553633218 0.21484375 0.1245674740484429
6 0.46484375 0.5657439446366782 0.220703125 0.14186851211072665
5 0.46484375 0.6920415224913494 0.2265625 0.11764705882352941
9 0.462890625 0.8269896193771626 0.232421875 0.15570934256055363
4 0.462890625 0.9498269896193772 0.2421875 0.09342560553633218
2 0.6455078125 0.4982698961937716 0.083984375 0.9965397923875432
3 0.6884765625 0.4982698961937716 0.095703125 0.9965397923875432
10 0.59375 0.3754325259515571 0.048828125 0.23875432525951557
0 0.5986328125 0.6228373702422145 0.052734375 0.2560553633217993
7 0.6064453125 0.8737024221453287 0.056640625 0.24567474048442905