13 0.845703125 0.265625 0.046223958333333336 0.1513671875
11 0.8515625 0.44091796875 0.048177083333333336 0.19970703125
16 0.7109375 0.2587890625 0.18033854166666666 0.13818359375
4 0.7434895833333334 0.3466796875 0.16731770833333334 0.0419921875
9 0.744140625 0.39013671875 0.16796875 0.048828125
5 0.74609375 0.43212890625 0.16731770833333334 0.0390625
6 0.74609375 0.474609375 0.16796875 0.05126953125
17 0.748046875 0.52099609375 0.16796875 0.046875
8 0.7513020833333334 0.607421875 0.17122395833333334 0.1328125
1 0.7584635416666666 0.79638671875 0.166015625 0.04736328125
15 0.9140625 0.70458984375 0.07161458333333333 0.2490234375
7 0.6432291666666666 0.37109375 0.037109375 0.087890625
0 0.6451822916666666 0.45751953125 0.037109375 0.0859375
10 0.6484375 0.5439453125 0.038411458333333336 0.08740234375
14 0.6516927083333334 0.630859375 0.038411458333333336 0.08740234375
18 0.65625 0.748046875 0.039713541666666664 0.1474609375
2 0.611328125 0.458984375 0.052734375 0.5390625
12 0.6217447916666666 0.77587890625 0.039713541666666664 0.09521484375
3 0.5768229166666666 0.5068359375 0.056640625 0.63671875