15 0.663109756097561 0.915 0.039634146341463415 0.16333333333333333
11 0.6227134146341463 0.32166666666666666 0.042682926829268296 0.5633333333333334
8 0.5190548780487805 0.7866666666666666 0.16310975609756098 0.37
4 0.5213414634146342 0.051666666666666666 0.16463414634146342 0.10333333333333333
9 0.5198170731707317 0.16333333333333333 0.16310975609756098 0.13666666666666666
5 0.5190548780487805 0.2816666666666667 0.16463414634146342 0.11
6 0.5198170731707317 0.4083333333333333 0.16310975609756098 0.14333333333333334
17 0.5198170731707317 0.54 0.16463414634146342 0.12333333333333334
7 0.42073170731707316 0.115 0.036585365853658534 0.23
0 0.42073170731707316 0.35333333333333333 0.0350609756097561 0.25
10 0.42073170731707316 0.605 0.0350609756097561 0.25
14 0.42073170731707316 0.8516666666666667 0.0350609756097561 0.24333333333333335
2 0.3879573170731707 0.49833333333333335 0.041158536585365856 0.9966666666666667
3 0.3513719512195122 0.49833333333333335 0.041158536585365856 0.9966666666666667