11 0.36958934517203107 0.68875 0.048834628190899 0.6175
15 0.31409544950055496 0.12625 0.06881243063263041 0.2525
4 0.4811320754716981 0.96375 0.17647058823529413 0.0675
9 0.4811320754716981 0.85875 0.17647058823529413 0.1475
5 0.4816870144284129 0.7275 0.17758046614872364 0.1175
6 0.48057713651498335 0.59375 0.17647058823529413 0.155
17 0.48057713651498335 0.44875 0.1753607103218646 0.1425
8 0.4811320754716981 0.19125 0.17647058823529413 0.3825
7 0.5876803551609323 0.89 0.041065482796892344 0.215
0 0.5876803551609323 0.65 0.038845726970033294 0.2725
10 0.5871254162042175 0.37875 0.03773584905660377 0.2775
14 0.5865704772475028 0.12125 0.038845726970033294 0.2425
2 0.6259711431742508 0.49875 0.03995560488346282 0.9975
3 0.6631520532741398 0.49875 0.038845726970033294 0.9975