13 0.606 0.8893333333333333 0.048 0.216
11 0.606 0.6093333333333333 0.046 0.3413333333333333
15 0.653 0.152 0.05 0.304
16 0.47 0.9026666666666666 0.18 0.18933333333333333
4 0.502 0.7733333333333333 0.166 0.072
9 0.501 0.696 0.166 0.08266666666666667
5 0.501 0.6226666666666667 0.166 0.064
6 0.501 0.5493333333333333 0.166 0.08266666666666667
7 0.401 0.7306666666666667 0.036 0.15466666666666667
0 0.401 0.5813333333333334 0.034 0.14666666666666667
10 0.402 0.436 0.034 0.144
14 0.403 0.28933333333333333 0.036 0.144
18 0.403 0.10933333333333334 0.038 0.21866666666666668
2 0.367 0.5613333333333334 0.042 0.872
1 0.503 0.018666666666666668 0.17 0.037333333333333336
17 0.501 0.47333333333333333 0.164 0.06933333333333333
8 0.501 0.32666666666666666 0.164 0.224
3 0.333 0.49866666666666665 0.042 0.9973333333333333
12 0.37 0.06533333333333333 0.036 0.13066666666666665