15 0.8225552050473186 0.9078624078624079 0.22870662460567823 0.09336609336609336
13 0.13170347003154576 0.8378378378378378 0.1167192429022082 0.10810810810810811
11 0.37302839116719244 0.828009828009828 0.3659305993690852 0.10810810810810811
16 0.1167192429022082 0.5307125307125307 0.08517350157728706 0.39803439803439805
8 0.6742902208201893 0.5896805896805897 0.2444794952681388 0.36855036855036855
18 0.8667192429022083 0.36363636363636365 0.138801261829653 0.08353808353808354
17 0.5141955835962145 0.5909090909090909 0.08201892744479496 0.36855036855036855
7 0.23817034700315456 0.36977886977886976 0.167192429022082 0.08108108108108109
0 0.39747634069400634 0.36977886977886976 0.1529968454258675 0.08108108108108109
14 0.7152996845425867 0.36486486486486486 0.1640378548895899 0.08108108108108109
10 0.5536277602523659 0.36609336609336607 0.1608832807570978 0.07862407862407862
6 0.4313880126182965 0.5921375921375921 0.08517350157728706 0.371007371007371
5 0.3548895899053628 0.5933660933660934 0.06624605678233439 0.371007371007371
4 0.19479495268138802 0.5982800982800983 0.0804416403785489 0.3759213759213759
9 0.278391167192429 0.597051597051597 0.08990536277602523 0.37346437346437344
2 0.4842271293375394 0.28746928746928746 0.8217665615141956 0.08353808353808354
3 0.5047318611987381 0.2076167076167076 0.862776025236593 0.085995085995086
12 0.9148264984227129 0.28255528255528256 0.04258675078864353 0.07862407862407862