13 0.17718940936863545 0.7365853658536585 0.23421588594704684 0.12195121951219512
11 0.4419551934826884 0.7292682926829268 0.29938900203665986 0.12682926829268293
15 0.8268839103869654 0.8170731707317073 0.25661914460285135 0.11219512195121951
16 0.159877800407332 0.35609756097560974 0.2158859470468432 0.4975609756097561
4 0.2983706720977597 0.44390243902439025 0.06517311608961303 0.4585365853658537
9 0.3655804480651731 0.44634146341463415 0.07331975560081466 0.4585365853658537
5 0.42973523421588594 0.44634146341463415 0.05702647657841141 0.45365853658536587
6 0.4938900203665988 0.44390243902439025 0.07535641547861507 0.44878048780487806
17 0.5621181262729125 0.44390243902439025 0.06720977596741344 0.44390243902439025
8 0.6873727087576375 0.44146341463414634 0.19144602851323828 0.44390243902439025
1 0.9429735234215886 0.44390243902439025 0.06313645621181263 0.424390243902439
7 0.3340122199592668 0.17073170731707318 0.1384928716904277 0.1024390243902439
0 0.4663951120162933 0.17317073170731706 0.13238289205702647 0.1024390243902439
10 0.5957230142566191 0.17317073170731706 0.13034623217922606 0.0975609756097561
14 0.7230142566191446 0.17804878048780487 0.12627291242362526 0.09268292682926829
18 0.879837067209776 0.18048780487804877 0.1934826883910387 0.0975609756097561
2 0.45417515274949083 0.07317073170731707 0.8105906313645621 0.12682926829268293
12 0.9175152749490835 0.0951219512195122 0.12016293279022404 0.09268292682926829
3 0.5142566191446029 0.02926829268292683 0.9307535641547862 0.04878048780487805