11 0.35795454545454547 0.3053097345132743 0.05397727272727273 0.6106194690265486
15 0.30823863636363635 0.9262536873156342 0.05397727272727273 0.1415929203539823
4 0.48082386363636365 0.028023598820058997 0.19460227272727273 0.05604719764011799
9 0.48011363636363635 0.1224188790560472 0.19318181818181818 0.14749262536873156
5 0.48011363636363635 0.2536873156342183 0.19318181818181818 0.12094395280235988
6 0.4794034090909091 0.387905604719764 0.19460227272727273 0.1592920353982301
17 0.4794034090909091 0.5383480825958702 0.19318181818181818 0.1415929203539823
8 0.48082386363636365 0.8008849557522124 0.19460227272727273 0.39233038348082594
7 0.5973011363636364 0.09882005899705015 0.041193181818181816 0.1976401179941003
0 0.5965909090909091 0.33185840707964603 0.041193181818181816 0.28023598820059
10 0.5965909090909091 0.6047197640117994 0.04403409090909091 0.2713864306784661
14 0.5980113636363636 0.8687315634218289 0.045454545454545456 0.25663716814159293
2 0.6377840909090909 0.49852507374631266 0.04261363636363636 0.9970501474926253
3 0.6789772727272727 0.49852507374631266 0.04261363636363636 0.9970501474926253