15 0.201171875 0.3453125 0.03046875 0.24270833333333333
15 0.546484375 0.33229166666666665 0.03203125 0.25
13 0.241015625 0.925 0.03828125 0.14791666666666667
11 0.234765625 0.7161458333333334 0.040625 0.27291666666666664
16 0.3453125 0.9364583333333333 0.140625 0.125
8 0.312109375 0.48802083333333335 0.1328125 0.18333333333333332
17 0.3140625 0.6083333333333333 0.1328125 0.06041666666666667
6 0.316015625 0.6734375 0.1296875 0.06875
10 0.392578125 0.5776041666666667 0.03046875 0.12291666666666666
14 0.391015625 0.4557291666666667 0.0296875 0.121875
18 0.38984375 0.29739583333333336 0.02890625 0.196875
1 0.312109375 0.23177083333333334 0.1296875 0.06145833333333333
4 0.319921875 0.8484375 0.13125 0.05625
9 0.31875 0.7895833333333333 0.13046875 0.06666666666666667
5 0.31796875 0.7322916666666667 0.13046875 0.05416666666666667
7 0.39765625 0.8182291666666667 0.02890625 0.11875
0 0.3953125 0.6984375 0.03046875 0.12083333333333333
2 0.423828125 0.6609375 0.03984375 0.6760416666666667
3 0.4515625 0.596875 0.040625 0.8041666666666667
12 0.418359375 0.26197916666666665 0.02734375 0.128125
13 0.581640625 0.9265625 0.03671875 0.14479166666666668
11 0.580859375 0.7140625 0.0375 0.28020833333333334
16 0.693359375 0.9380208333333333 0.14609375 0.121875
4 0.668359375 0.85 0.1375 0.058333333333333334
2 0.779296875 0.6583333333333333 0.03671875 0.68125
3 0.80625 0.59375 0.040625 0.8104166666666667
1 0.663671875 0.21822916666666667 0.13515625 0.05416666666666667
8 0.66796875 0.4828125 0.13984375 0.18541666666666667
18 0.746484375 0.29010416666666666 0.03515625 0.19895833333333332
12 0.773046875 0.25416666666666665 0.03203125 0.12708333333333333
6 0.668359375 0.6703125 0.13828125 0.06979166666666667
17 0.668359375 0.6046875 0.1375 0.06145833333333333
5 0.669140625 0.7317708333333334 0.1390625 0.053125
9 0.669140625 0.7895833333333333 0.1390625 0.0625
0 0.7515625 0.6963541666666667 0.03203125 0.12395833333333334
7 0.7515625 0.8177083333333334 0.03203125 0.11979166666666667
10 0.7515625 0.5734375 0.03203125 0.12291666666666666
14 0.750390625 0.4510416666666667 0.03125 0.121875