13 0.9459635416666666 0.2900390625 0.051432291666666664 0.15673828125
11 0.9388020833333334 0.46630859375 0.052734375 0.19677734375
15 0.9778645833333334 0.72998046875 0.04296875 0.24609375
4 0.833984375 0.373046875 0.17317708333333334 0.0419921875
9 0.8326822916666666 0.41552734375 0.171875 0.04638671875
5 0.8313802083333334 0.45654296875 0.17057291666666666 0.0361328125
6 0.830078125 0.49853515625 0.16861979166666666 0.04736328125
17 0.8294270833333334 0.54296875 0.166015625 0.04345703125
8 0.8307291666666666 0.626953125 0.166015625 0.1259765625
1 0.8352864583333334 0.81494140625 0.16276041666666666 0.0439453125
18 0.7356770833333334 0.7646484375 0.037109375 0.1484375
14 0.732421875 0.64794921875 0.036458333333333336 0.0849609375
10 0.73046875 0.56298828125 0.036458333333333336 0.08447265625
0 0.7291666666666666 0.47998046875 0.034505208333333336 0.08203125
7 0.73046875 0.39697265625 0.036458333333333336 0.083984375
16 0.8059895833333334 0.2841796875 0.18424479166666666 0.14208984375
2 0.6979166666666666 0.48095703125 0.040364583333333336 0.5263671875
12 0.703125 0.7919921875 0.036458333333333336 0.09619140625
3 0.6653645833333334 0.5302734375 0.04296875 0.62158203125