11 0.3659090909090909 0.6915422885572139 0.05454545454545454 0.6069651741293532
15 0.31363636363636366 0.06218905472636816 0.05454545454545454 0.12437810945273632
9 0.48409090909090907 0.8930348258706468 0.18636363636363637 0.15422885572139303
5 0.48409090909090907 0.7562189054726368 0.18636363636363637 0.11940298507462686
6 0.48409090909090907 0.6144278606965174 0.18636363636363637 0.16417910447761194
17 0.48295454545454547 0.4601990049751244 0.18636363636363637 0.14427860696517414
8 0.48522727272727273 0.19651741293532338 0.18863636363636363 0.39303482587064675
7 0.5977272727272728 0.9054726368159204 0.04090909090909091 0.1791044776119403
0 0.5965909090909091 0.6741293532338308 0.04090909090909091 0.2835820895522388
10 0.5965909090909091 0.39054726368159204 0.04090909090909091 0.2835820895522388
14 0.5977272727272728 0.12686567164179105 0.04090909090909091 0.2537313432835821
2 0.6375 0.4975124378109453 0.04318181818181818 0.9950248756218906
3 0.6761363636363636 0.4975124378109453 0.04318181818181818 0.9950248756218906