7 0.8284722222222223 0.6042486231313926 0.23333333333333334 0.043273013375295044
13 0.9375 0.3788355625491739 0.12222222222222222 0.04799370574350905
2 0.49930555555555556 0.6447678992918962 0.9986111111111111 0.04799370574350905
3 0.49930555555555556 0.6845003933910306 0.9986111111111111 0.05350118017309206
11 0.6361111111111111 0.38198269079464986 0.4888888888888889 0.044846577498033044
0 0.6055555555555555 0.6026750590086546 0.22083333333333333 0.041699449252557044
10 0.38472222222222224 0.6034618410700237 0.22083333333333333 0.043273013375295044
14 0.1673611111111111 0.6038552321007081 0.21805555555555556 0.041699449252557044
4 0.8777777777777778 0.49331235247836347 0.12083333333333333 0.18174665617623917
8 0.22569444444444445 0.4917387883556255 0.3236111111111111 0.18017309205350118
9 0.7708333333333334 0.49331235247836347 0.13333333333333333 0.18332022029897718
5 0.6638888888888889 0.4925255704169945 0.09583333333333334 0.18253343823760818
6 0.5555555555555556 0.49331235247836347 0.12361111111111112 0.18174665617623917
17 0.4388888888888889 0.49213217938631 0.1125 0.18174665617623917
15 0.1423611111111111 0.32730133752950435 0.2847222222222222 0.06766325727773406