13 0.35625 0.11666666666666667 0.0475 0.23333333333333334
15 0.31875 0.8583333333333333 0.0425 0.27666666666666667
16 0.49 0.105 0.18 0.21
8 0.46 0.69 0.165 0.22333333333333333
11 0.35625 0.4066666666666667 0.045 0.3466666666666667
4 0.46 0.24166666666666667 0.165 0.07
9 0.46 0.315 0.165 0.08333333333333333
5 0.46 0.38666666666666666 0.165 0.06666666666666667
6 0.46 0.46166666666666667 0.165 0.08666666666666667
17 0.46 0.5416666666666666 0.1675 0.07666666666666666
2 0.59625 0.45166666666666666 0.0375 0.9033333333333333
3 0.6325 0.49833333333333335 0.04 0.9966666666666667
1 0.4625 0.985 0.165 0.023333333333333334
7 0.55875 0.28 0.035 0.15
0 0.56 0.43 0.0375 0.15333333333333332
10 0.55875 0.58 0.0325 0.15333333333333332
14 0.55875 0.7283333333333334 0.0325 0.14333333333333334
18 0.55875 0.8983333333333333 0.0375 0.19666666666666666
12 0.59375 0.9483333333333334 0.0375 0.09666666666666666