15 0.181640625 0.11245674740484429 0.353515625 0.1522491349480969
13 0.880859375 0.16262975778546712 0.21484375 0.11418685121107267
11 0.6005859375 0.18339100346020762 0.34765625 0.1453287197231834
8 0.33203125 0.43944636678200694 0.189453125 0.36678200692041524
1 0.0673828125 0.444636678200692 0.052734375 0.3391003460207612
16 0.9013671875 0.513840830449827 0.193359375 0.4602076124567474
18 0.1396484375 0.6539792387543253 0.197265625 0.07958477508650519
14 0.2998046875 0.6591695501730104 0.125 0.08304498269896193
17 0.462890625 0.43771626297577854 0.0703125 0.3806228373702422
6 0.537109375 0.43771626297577854 0.080078125 0.39100346020761245
5 0.6083984375 0.43771626297577854 0.06640625 0.4013840830449827
9 0.6845703125 0.4342560553633218 0.087890625 0.4117647058823529
4 0.767578125 0.4342560553633218 0.080078125 0.42560553633217996
2 0.5810546875 0.7577854671280276 0.833984375 0.1453287197231834
3 0.51953125 0.8339100346020761 0.95703125 0.16608996539792387
10 0.4296875 0.6660899653979239 0.134765625 0.08650519031141868
0 0.5693359375 0.6747404844290658 0.14453125 0.09342560553633218
7 0.724609375 0.6868512110726643 0.166015625 0.09688581314878893
12 0.103515625 0.7214532871972318 0.123046875 0.07958477508650519