11 0.3688888888888889 0.6862244897959183 0.044444444444444446 0.6224489795918368
15 0.3233333333333333 0.06887755102040816 0.04666666666666667 0.1377551020408163
4 0.4777777777777778 0.9566326530612245 0.17777777777777778 0.07653061224489796
9 0.4777777777777778 0.8545918367346939 0.17333333333333334 0.14795918367346939
5 0.4777777777777778 0.7244897959183674 0.17555555555555555 0.11734693877551021
6 0.4777777777777778 0.5918367346938775 0.17333333333333334 0.15306122448979592
17 0.4777777777777778 0.4489795918367347 0.17333333333333334 0.1377551020408163
8 0.4766666666666667 0.19387755102040816 0.17555555555555555 0.3877551020408163
7 0.5844444444444444 0.8852040816326531 0.04 0.2193877551020408
0 0.5833333333333334 0.6454081632653061 0.03777777777777778 0.27040816326530615
10 0.5811111111111111 0.38010204081632654 0.03777777777777778 0.27040816326530615
14 0.5822222222222222 0.12244897959183673 0.04 0.24489795918367346
2 0.6166666666666667 0.49744897959183676 0.042222222222222223 0.9948979591836735
3 0.6555555555555556 0.49744897959183676 0.04 0.9948979591836735