13 0.13125 0.275 0.235 0.07333333333333333
15 0.785 0.21333333333333335 0.2425 0.06666666666666667
11 0.3975 0.27666666666666667 0.3 0.07
2 0.41375 0.6383333333333333 0.795 0.06
3 0.47875 0.6883333333333334 0.9225 0.06
16 0.12 0.48 0.21 0.2633333333333333
1 0.91 0.43333333333333335 0.0575 0.24666666666666667
4 0.255 0.43333333333333335 0.065 0.25
9 0.32125 0.43333333333333335 0.0725 0.25
8 0.64125 0.435 0.1875 0.24666666666666667
17 0.515 0.435 0.0675 0.25
5 0.3825 0.435 0.0575 0.25
6 0.44625 0.43333333333333335 0.0725 0.25
12 0.87375 0.6333333333333333 0.13 0.05333333333333334
7 0.29 0.5866666666666667 0.1325 0.05333333333333334
14 0.6725 0.5833333333333334 0.125 0.05333333333333334
18 0.835 0.5816666666666667 0.205 0.05333333333333334
0 0.42 0.585 0.13 0.05333333333333334
10 0.5475 0.5866666666666667 0.1275 0.056666666666666664