13 0.599 0.9607142857142857 0.05 0.07142857142857142
11 0.6 0.6928571428571428 0.044 0.4642857142857143
4 0.495 0.9178571428571428 0.166 0.1
8 0.498 0.3107142857142857 0.162 0.29642857142857143
15 0.659 0.18214285714285713 0.078 0.36428571428571427
2 0.362 0.5178571428571429 0.044 0.9571428571428572
3 0.328 0.4982142857142857 0.044 0.9964285714285714
9 0.495 0.8142857142857143 0.166 0.10714285714285714
5 0.492 0.7160714285714286 0.156 0.09285714285714286
6 0.492 0.6142857142857143 0.154 0.11428571428571428
17 0.497 0.5089285714285714 0.164 0.09642857142857143
7 0.396 0.8660714285714286 0.036 0.21071428571428572
0 0.396 0.6589285714285714 0.04 0.20714285714285716
10 0.399 0.45714285714285713 0.034 0.2
14 0.399 0.25892857142857145 0.036 0.2
18 0.4 0.08214285714285714 0.036 0.16428571428571428
12 0.367 0.023214285714285715 0.038 0.04642857142857143