11 0.3657142857142857 0.6757142857142857 0.04857142857142857 0.5971428571428572
15 0.32142857142857145 0.07142857142857142 0.045714285714285714 0.14285714285714285
4 0.4828571428571429 0.9485714285714286 0.18571428571428572 0.09714285714285714
9 0.4828571428571429 0.83 0.18428571428571427 0.14
7 0.595 0.8785714285714286 0.041428571428571426 0.23714285714285716
8 0.4828571428571429 0.19142857142857142 0.18428571428571427 0.38
2 0.6328571428571429 0.49857142857142855 0.045714285714285714 0.9971428571428571
3 0.67 0.49857142857142855 0.045714285714285714 0.9971428571428571
5 0.4828571428571429 0.7071428571428572 0.18571428571428572 0.11142857142857143
6 0.48142857142857143 0.58 0.18285714285714286 0.14857142857142858
17 0.4828571428571429 0.4442857142857143 0.18428571428571427 0.13142857142857142
0 0.5942857142857143 0.6342857142857142 0.03857142857142857 0.2571428571428571
10 0.5935714285714285 0.37857142857142856 0.04 0.2542857142857143
14 0.5921428571428572 0.12571428571428572 0.04 0.24857142857142858