13 0.815 0.68 0.2075 0.06666666666666667
11 0.57875 0.6733333333333333 0.2675 0.07
15 0.22125 0.7233333333333334 0.2325 0.06
16 0.82625 0.495 0.1825 0.24
8 0.36375 0.525 0.17 0.23
4 0.70875 0.5333333333333333 0.055 0.22666666666666666
7 0.67875 0.39666666666666667 0.1175 0.05333333333333334
0 0.56375 0.395 0.115 0.05333333333333334
10 0.44875 0.39166666666666666 0.1175 0.05333333333333334
14 0.335 0.39 0.115 0.05333333333333334
18 0.18375 0.38666666666666666 0.195 0.05333333333333334
2 0.565 0.34833333333333333 0.7075 0.06333333333333334
3 0.50375 0.2966666666666667 0.8325 0.07
12 0.15 0.3383333333333333 0.125 0.05333333333333334
9 0.65 0.5333333333333333 0.0625 0.22666666666666666
5 0.595 0.5316666666666666 0.055 0.22666666666666666
6 0.5375 0.53 0.065 0.22666666666666666
17 0.47625 0.53 0.06 0.22666666666666666
1 0.11625 0.52 0.055 0.22666666666666666