13 0.72 0.3566666666666667 0.1775 0.05333333333333334
11 0.51875 0.36 0.2325 0.05
15 0.21625 0.32 0.1825 0.05333333333333334
4 0.6275 0.4816666666666667 0.05 0.19333333333333333
16 0.7325 0.5166666666666667 0.1625 0.21
2 0.505 0.6416666666666667 0.615 0.04666666666666667
3 0.45625 0.6816666666666666 0.7175 0.043333333333333335
12 0.14875 0.6433333333333333 0.1 0.04
1 0.12125 0.49166666666666664 0.045 0.18666666666666668
18 0.17875 0.6033333333333334 0.16 0.043333333333333335
8 0.33 0.485 0.1475 0.19333333333333333
5 0.52875 0.4816666666666667 0.045 0.19333333333333333
6 0.48 0.48333333333333334 0.0575 0.19333333333333333
17 0.4275 0.48333333333333334 0.05 0.19333333333333333
9 0.57875 0.4816666666666667 0.0575 0.19333333333333333
0 0.50125 0.6 0.0975 0.043333333333333335
10 0.40375 0.6 0.1 0.04
14 0.3075 0.6033333333333334 0.1 0.04666666666666667
7 0.6025 0.6 0.1025 0.04