15 0.212 0.3491957104557641 0.223 0.04825737265415549
1 0.102 0.5382037533512064 0.052 0.21715817694369974
8 0.344 0.5341823056300268 0.162 0.21849865951742628
18 0.1695 0.6682305630026809 0.188 0.05093833780160858
12 0.136 0.7151474530831099 0.121 0.049597855227882036
13 0.776 0.3867292225201072 0.2 0.06300268096514745
11 0.551 0.39276139410187666 0.254 0.06166219839142091
16 0.7925 0.564343163538874 0.186 0.23458445040214476
2 0.5405 0.7091152815013405 0.691 0.05227882037533512
3 0.481 0.7567024128686327 0.812 0.058981233243967826
7 0.647 0.6595174262734584 0.114 0.04691689008042895
0 0.5365 0.660857908847185 0.11 0.04825737265415549
10 0.4265 0.6621983914209115 0.11 0.04691689008042895
14 0.318 0.6642091152815014 0.108 0.04691689008042895
6 0.511 0.5301608579088471 0.063 0.21715817694369974
17 0.453 0.5315013404825737 0.057 0.21715817694369974
5 0.5655 0.5288203753351206 0.05 0.21849865951742628
9 0.619 0.5274798927613941 0.063 0.21715817694369974
4 0.675 0.5268096514745308 0.057 0.21983914209115282