13 0.6266339869281046 0.12962962962962962 0.04084967320261438 0.25925925925925924
11 0.6245915032679739 0.42320261437908496 0.0392156862745098 0.3333333333333333
15 0.6666666666666666 0.826797385620915 0.05065359477124183 0.3442265795206972
16 0.4979575163398693 0.11492374727668846 0.1707516339869281 0.2298474945533769
4 0.5269607843137255 0.26143790849673204 0.15931372549019607 0.0718954248366013
9 0.5269607843137255 0.3344226579520697 0.15931372549019607 0.08061002178649238
5 0.5265522875816994 0.40522875816993464 0.15849673202614378 0.06209150326797386
6 0.5265522875816994 0.477124183006536 0.15849673202614378 0.08278867102396514
17 0.5261437908496732 0.5550108932461874 0.15849673202614378 0.07407407407407407
8 0.5261437908496732 0.6971677559912854 0.1576797385620915 0.21459694989106753
1 0.5253267973856209 0.9847494553376906 0.1568627450980392 0.02832244008714597
7 0.4305555555555556 0.2995642701525055 0.03431372549019608 0.14923747276688454
0 0.4309640522875817 0.44607843137254904 0.03349673202614379 0.1437908496732026
10 0.4305555555555556 0.5898692810457516 0.03349673202614379 0.144880174291939
14 0.4309640522875817 0.7336601307189542 0.03349673202614379 0.14270152505446623
18 0.4309640522875817 0.9014161220043573 0.035130718954248366 0.19498910675381265
2 0.39624183006535946 0.44607843137254904 0.03594771241830065 0.8921568627450981
12 0.39705882352941174 0.9444444444444444 0.03431372549019608 0.10893246187363835
3 0.36233660130718953 0.49945533769063183 0.03676470588235294 0.9989106753812637
16 0.8304738562091504 0.13725490196078433 0.08905228758169935 0.22766884531590414
7 0.7973856209150327 0.3115468409586057 0.027777777777777776 0.13725490196078433
0 0.7949346405228758 0.44607843137254904 0.027777777777777776 0.1328976034858388
10 0.7937091503267973 0.579520697167756 0.028594771241830064 0.13507625272331156
2 0.7704248366013072 0.4417211328976035 0.03758169934640523 0.8442265795206971
12 0.7696078431372549 0.9297385620915033 0.029411764705882353 0.1383442265795207
18 0.7969771241830066 0.8872549019607843 0.03022875816993464 0.2233115468409586
14 0.7945261437908496 0.7124183006535948 0.029411764705882353 0.13398692810457516
3 0.7434640522875817 0.5065359477124183 0.0392156862745098 0.9847494553376906
8 0.8398692810457516 0.6770152505446623 0.06862745098039216 0.19825708061002179
1 0.8431372549019608 0.9624183006535948 0.06372549019607843 0.07080610021786492
17 0.8406862745098039 0.545751633986928 0.06862745098039216 0.06862745098039216
6 0.8415032679738562 0.474400871459695 0.06699346405228758 0.07407407407407407
5 0.8419117647058824 0.4095860566448802 0.0661764705882353 0.05664488017429194
4 0.8427287581699346 0.2788671023965142 0.06290849673202614 0.0664488017429194
9 0.8423202614379085 0.3453159041394335 0.06535947712418301 0.07407407407407407
15 0.2757352941176471 0.8349673202614379 0.06290849673202614 0.32788671023965144
13 0.2193627450980392 0.12581699346405228 0.04820261437908497 0.25163398692810457
11 0.22181372549019607 0.4210239651416122 0.0457516339869281 0.3431372549019608
16 0.14950980392156862 0.11056644880174292 0.04738562091503268 0.22113289760348584
8 0.16339869281045752 0.7020697167755992 0.07434640522875817 0.22113289760348584
17 0.16380718954248366 0.5544662309368191 0.07598039215686274 0.07625272331154684
6 0.16339869281045752 0.4749455337690632 0.07516339869281045 0.08278867102396514
5 0.16339869281045752 0.4019607843137255 0.07434640522875817 0.06535947712418301
9 0.16299019607843138 0.3300653594771242 0.07434640522875817 0.08169934640522876
4 0.16258169934640523 0.25544662309368193 0.07352941176470588 0.07298474945533769