13 0.8217429577464789 0.6984375 0.24119718309859156 0.090625
11 0.5536971830985915 0.69296875 0.2966549295774648 0.0984375
15 0.17297535211267606 0.83515625 0.34419014084507044 0.1859375
16 0.840669014084507 0.41015625 0.2262323943661972 0.38125
4 0.6967429577464789 0.48046875 0.06338028169014084 0.3421875
9 0.6294014084507042 0.48203125 0.07394366197183098 0.34375
5 0.5669014084507042 0.48125 0.05721830985915493 0.3390625
6 0.5048415492957746 0.47890625 0.07394366197183098 0.33125
17 0.4375 0.48203125 0.07130281690140845 0.3375
8 0.30809859154929575 0.49609375 0.19454225352112675 0.3609375
1 0.02772887323943662 0.50625 0.05369718309859155 0.3703125
7 0.6606514084507042 0.271875 0.13732394366197184 0.0765625
0 0.5308098591549296 0.2765625 0.12411971830985916 0.075
10 0.4040492957746479 0.2796875 0.12852112676056338 0.0734375
14 0.2746478873239437 0.27890625 0.13204225352112675 0.0765625
18 0.10651408450704225 0.28046875 0.21038732394366197 0.084375
2 0.5356514084507042 0.19609375 0.8362676056338029 0.0984375
12 0.05941901408450704 0.20078125 0.11707746478873239 0.0921875
3 0.4793133802816901 0.1203125 0.9568661971830986 0.1046875