13 0.41971544715447157 0.9411157024793388 0.03861788617886179 0.11363636363636363
11 0.42073170731707316 0.6642561983471075 0.036585365853658534 0.44214876033057854
16 0.5294715447154471 0.9566115702479339 0.1443089430894309 0.08264462809917356
4 0.5060975609756098 0.871900826446281 0.13414634146341464 0.08884297520661157
9 0.505589430894309 0.7778925619834711 0.13414634146341464 0.1012396694214876
5 0.505589430894309 0.6859504132231405 0.13414634146341464 0.08471074380165289
6 0.505589430894309 0.5929752066115702 0.13414634146341464 0.10743801652892562
17 0.5066056910569106 0.4927685950413223 0.13414634146341464 0.09710743801652892
8 0.5071138211382114 0.30578512396694213 0.13414634146341464 0.2768595041322314
2 0.6173780487804879 0.5247933884297521 0.029471544715447155 0.9462809917355371
3 0.6463414634146342 0.4989669421487603 0.03048780487804878 0.9979338842975206
12 0.6178861788617886 0.028925619834710745 0.03048780487804878 0.05785123966942149
18 0.5884146341463414 0.08574380165289257 0.03048780487804878 0.17148760330578514
15 0.3861788617886179 0.13326446280991736 0.04065040650406504 0.2665289256198347
7 0.5873983739837398 0.8223140495867769 0.028455284552845527 0.1921487603305785
0 0.5873983739837398 0.6332644628099173 0.028455284552845527 0.18801652892561985
10 0.5879065040650406 0.4462809917355372 0.03048780487804878 0.18801652892561985
14 0.5873983739837398 0.2603305785123967 0.029471544715447155 0.18801652892561985