13 0.8523809523809524 0.225 0.2253968253968254 0.10625
11 0.5904761904761905 0.215625 0.3047619047619048 0.1
16 0.8634920634920635 0.528125 0.20317460317460317 0.4
4 0.734920634920635 0.45625 0.06349206349206349 0.375
9 0.6682539682539682 0.45625 0.06984126984126984 0.38125
5 0.6063492063492063 0.453125 0.06031746031746032 0.38125
6 0.5380952380952381 0.45 0.07301587301587302 0.375
17 0.46825396825396826 0.453125 0.06984126984126984 0.3875
8 0.3380952380952381 0.45 0.19047619047619047 0.375
1 0.07142857142857142 0.45 0.05714285714285714 0.375
2 0.5666666666666667 0.7625 0.7968253968253968 0.1
12 0.10476190476190476 0.75 0.12698412698412698 0.075
3 0.5047619047619047 0.8375 0.926984126984127 0.10625
7 0.6984126984126984 0.684375 0.13333333333333333 0.075
0 0.5666666666666667 0.68125 0.13015873015873017 0.08125
10 0.4365079365079365 0.68125 0.13015873015873017 0.08125
14 0.30793650793650795 0.675 0.12698412698412698 0.08125
18 0.14285714285714285 0.675 0.2 0.08125
15 0.19206349206349208 0.125 0.25396825396825395 0.0875