15 0.29181184668989546 0.9297658862876255 0.078397212543554 0.13377926421404682
13 0.3397212543554007 0.08193979933110368 0.05226480836236934 0.16387959866220736
11 0.34668989547038326 0.44816053511705684 0.05400696864111498 0.5852842809364549
16 0.4965156794425087 0.05351170568561873 0.20905923344947736 0.10702341137123746
4 0.4616724738675958 0.1605351170568562 0.19337979094076654 0.13043478260869565
7 0.5801393728222997 0.22408026755852842 0.04529616724738676 0.2608695652173913
2 0.6254355400696864 0.4983277591973244 0.05226480836236934 0.9966555183946488
3 0.6663763066202091 0.4983277591973244 0.050522648083623695 0.9966555183946488
8 0.4712543554006969 0.862876254180602 0.19337979094076654 0.26755852842809363
14 0.5853658536585366 0.9264214046822743 0.04529616724738676 0.14046822742474915
10 0.5836236933797909 0.7324414715719063 0.04529616724738676 0.2608695652173913
0 0.5827526132404182 0.4765886287625418 0.04355400696864112 0.2508361204013378
9 0.4625435540069686 0.28929765886287623 0.1916376306620209 0.14715719063545152
5 0.4634146341463415 0.411371237458194 0.1916376306620209 0.11371237458193979
6 0.4651567944250871 0.5367892976588629 0.18989547038327526 0.15384615384615385
17 0.46689895470383275 0.6705685618729097 0.18989547038327526 0.13377926421404682