13 0.16145833333333334 0.33056640625 0.22005208333333334 0.03564453125
11 0.4134114583333333 0.33056640625 0.2858072916666667 0.0361328125
15 0.7903645833333334 0.28369140625 0.3483072916666667 0.0576171875
16 0.15104166666666666 0.44189453125 0.20052083333333334 0.14453125
4 0.2786458333333333 0.416015625 0.061848958333333336 0.1357421875
9 0.3411458333333333 0.416015625 0.06966145833333333 0.1357421875
5 0.400390625 0.41650390625 0.054036458333333336 0.13525390625
6 0.4609375 0.41650390625 0.06966145833333333 0.134765625
17 0.5260416666666666 0.416015625 0.0625 0.13427734375
8 0.6471354166666666 0.4150390625 0.18033854166666666 0.134765625
1 0.9088541666666666 0.4140625 0.0546875 0.1328125
18 0.8372395833333334 0.4951171875 0.19856770833333334 0.02880859375
14 0.677734375 0.49609375 0.11979166666666667 0.0283203125
10 0.556640625 0.4970703125 0.12109375 0.02880859375
7 0.3131510416666667 0.49853515625 0.12434895833333333 0.0283203125
0 0.435546875 0.49755859375 0.12174479166666667 0.02783203125
2 0.4322916666666667 0.52587890625 0.7571614583333334 0.033203125
12 0.8736979166666666 0.5224609375 0.125 0.0283203125
3 0.4954427083333333 0.5537109375 0.8815104166666666 0.03466796875