15 0.32037037037037036 0.06474820143884892 0.044444444444444446 0.12949640287769784
11 0.3638888888888889 0.64568345323741 0.05185185185185185 0.579136690647482
2 0.6333333333333333 0.4982014388489209 0.044444444444444446 0.9964028776978417
3 0.6731481481481482 0.4982014388489209 0.04259259259259259 0.9964028776978417
8 0.4824074074074074 0.17985611510791366 0.18703703703703703 0.3597122302158273
7 0.5935185185185186 0.8561151079136691 0.03888888888888889 0.2517985611510791
4 0.48148148148148145 0.9244604316546763 0.18518518518518517 0.11151079136690648
9 0.48148148148148145 0.8003597122302158 0.18518518518518517 0.1366906474820144
5 0.48148148148148145 0.6780575539568345 0.18518518518518517 0.1079136690647482
6 0.48148148148148145 0.5539568345323741 0.18518518518518517 0.14028776978417265
17 0.48055555555555557 0.420863309352518 0.18703703703703703 0.12949640287769784
14 0.5944444444444444 0.12050359712230216 0.040740740740740744 0.24100719424460432
0 0.5935185185185186 0.6079136690647482 0.037037037037037035 0.24820143884892087
10 0.5935185185185186 0.3597122302158273 0.03888888888888889 0.24820143884892087