11 0.6275 0.3193916349809886 0.045 0.6121673003802282
15 0.6741666666666667 0.9277566539923955 0.041666666666666664 0.13688212927756654
4 0.5216666666666666 0.04752851711026616 0.17 0.09505703422053231
9 0.5216666666666666 0.1596958174904943 0.17 0.1444866920152091
5 0.5208333333333334 0.2870722433460076 0.17166666666666666 0.11787072243346007
6 0.5208333333333334 0.41825095057034223 0.17 0.1482889733840304
17 0.5208333333333334 0.5570342205323194 0.17 0.13307984790874525
8 0.5233333333333333 0.8098859315589354 0.17 0.3726235741444867
7 0.41833333333333333 0.11596958174904944 0.03666666666666667 0.23193916349809887
0 0.4191666666666667 0.3612167300380228 0.035 0.2661596958174905
10 0.4191666666666667 0.6064638783269962 0.03666666666666667 0.22813688212927757
14 0.42083333333333334 0.8593155893536122 0.03833333333333333 0.2737642585551331
2 0.38416666666666666 0.49809885931558934 0.03833333333333333 0.9961977186311787
3 0.3475 0.49809885931558934 0.03833333333333333 0.9961977186311787