13 0.2544444444444444 0.17781690140845072 0.14666666666666667 0.0528169014084507
11 0.42333333333333334 0.176056338028169 0.19111111111111112 0.04929577464788732
16 0.25 0.33274647887323944 0.13333333333333333 0.2007042253521127
4 0.33444444444444443 0.29577464788732394 0.04 0.18661971830985916
9 0.37444444444444447 0.29577464788732394 0.04666666666666667 0.19014084507042253
5 0.41444444444444445 0.29577464788732394 0.035555555555555556 0.18661971830985916
6 0.45555555555555555 0.29577464788732394 0.04666666666666667 0.18661971830985916
17 0.4988888888888889 0.29577464788732394 0.04 0.18661971830985916
8 0.5811111111111111 0.29577464788732394 0.12222222222222222 0.19014084507042253
1 0.7566666666666667 0.29225352112676056 0.03777777777777778 0.18661971830985916
7 0.3566666666666667 0.4084507042253521 0.08222222222222222 0.03873239436619718
0 0.43777777777777777 0.4084507042253521 0.08222222222222222 0.03873239436619718
10 0.5188888888888888 0.4084507042253521 0.08 0.03873239436619718
14 0.6 0.4084507042253521 0.08222222222222222 0.03873239436619718
18 0.7077777777777777 0.40669014084507044 0.13555555555555557 0.04225352112676056
2 0.4388888888888889 0.448943661971831 0.5044444444444445 0.045774647887323945
3 0.48 0.4859154929577465 0.5866666666666667 0.045774647887323945
12 0.7322222222222222 0.4454225352112676 0.08444444444444445 0.03873239436619718
15 0.69 0.12323943661971831 0.18222222222222223 0.056338028169014086
13 0.2577777777777778 0.5950704225352113 0.14222222222222222 0.045774647887323945
11 0.4222222222222222 0.5950704225352113 0.18666666666666668 0.04929577464788732
16 0.25222222222222224 0.7376760563380281 0.12666666666666668 0.18661971830985916
4 0.3333333333333333 0.7077464788732394 0.03777777777777778 0.176056338028169
9 0.37444444444444447 0.7077464788732394 0.044444444444444446 0.176056338028169
5 0.4111111111111111 0.7077464788732394 0.03333333333333333 0.17253521126760563
6 0.45 0.7077464788732394 0.04666666666666667 0.17253521126760563
17 0.49333333333333335 0.7077464788732394 0.042222222222222223 0.1795774647887324
8 0.5733333333333334 0.7095070422535211 0.11777777777777777 0.1795774647887324
1 0.7466666666666667 0.7112676056338029 0.03777777777777778 0.1795774647887324
7 0.35444444444444445 0.8133802816901409 0.08 0.035211267605633804
0 0.43333333333333335 0.8133802816901409 0.08 0.03873239436619718
10 0.5133333333333333 0.8151408450704225 0.08 0.04225352112676056
14 0.5911111111111111 0.8186619718309859 0.07777777777777778 0.03873239436619718
18 0.6977777777777778 0.8186619718309859 0.13333333333333333 0.03873239436619718
2 0.43555555555555553 0.852112676056338 0.4888888888888889 0.0528169014084507
3 0.4766666666666667 0.8908450704225352 0.5711111111111111 0.04929577464788732
12 0.7222222222222222 0.8573943661971831 0.08444444444444445 0.03873239436619718