15 0.7733812949640287 0.9133333333333333 0.33093525179856115 0.13666666666666666
1 0.8827338129496403 0.5416666666666666 0.051798561151079135 0.39
18 0.814388489208633 0.30333333333333334 0.1884892086330935 0.09
13 0.1776978417266187 0.7966666666666666 0.20719424460431654 0.10333333333333333
11 0.4143884892086331 0.7933333333333333 0.26906474820143883 0.10333333333333333
8 0.6338129496402878 0.5433333333333333 0.1712230215827338 0.39666666666666667
12 0.8482014388489209 0.22 0.12086330935251799 0.09
0 0.42949640287769786 0.30333333333333334 0.11798561151079137 0.08666666666666667
10 0.5474820143884892 0.3 0.12086330935251799 0.09
14 0.6633093525179856 0.3 0.11366906474820145 0.08666666666666667
5 0.39784172661870504 0.5433333333333333 0.053237410071942444 0.3933333333333333
17 0.5179856115107914 0.5433333333333333 0.060431654676258995 0.4
6 0.4553956834532374 0.5433333333333333 0.06906474820143885 0.39666666666666667
4 0.2827338129496403 0.545 0.05755395683453238 0.4
16 0.16546762589928057 0.47333333333333333 0.1856115107913669 0.42333333333333334
7 0.3129496402877698 0.3016666666666667 0.11654676258992806 0.09333333333333334
9 0.3424460431654676 0.5433333333333333 0.06618705035971223 0.4
2 0.42949640287769786 0.22333333333333333 0.7165467625899281 0.09666666666666666
3 0.4892086330935252 0.13666666666666666 0.8402877697841726 0.1