13 0.16666666666666666 0.8046875 0.22330729166666666 0.0390625
11 0.4251302083333333 0.80322265625 0.2955729166666667 0.04052734375
15 0.8157552083333334 0.84912109375 0.3665364583333333 0.0615234375
4 0.287109375 0.71435546875 0.06380208333333333 0.14111328125
9 0.3489583333333333 0.71337890625 0.0703125 0.14208984375
5 0.4088541666666667 0.712890625 0.0546875 0.14306640625
6 0.4713541666666667 0.71240234375 0.07161458333333333 0.142578125
17 0.5377604166666666 0.7119140625 0.06705729166666667 0.142578125
8 0.6634114583333334 0.7109375 0.19401041666666666 0.14306640625
1 0.9342447916666666 0.7080078125 0.07747395833333333 0.1416015625
7 0.32421875 0.62890625 0.12239583333333333 0.02978515625
0 0.4440104166666667 0.62744140625 0.11979166666666667 0.02978515625
10 0.5651041666666666 0.6259765625 0.12174479166666667 0.029296875
14 0.6861979166666666 0.62548828125 0.123046875 0.02880859375
18 0.8489583333333334 0.6240234375 0.20638020833333334 0.0302734375
12 0.8821614583333334 0.595703125 0.13216145833333334 0.02880859375
2 0.4479166666666667 0.60009765625 0.7421875 0.03466796875
3 0.5123697916666666 0.572265625 0.865234375 0.0361328125
16 0.16276041666666666 0.689453125 0.20442708333333334 0.14697265625