15 0.7880597014925373 0.8883333333333333 0.32686567164179103 0.14333333333333334
13 0.1828358208955224 0.785 0.22238805970149253 0.11666666666666667
11 0.4291044776119403 0.7733333333333333 0.27313432835820894 0.10333333333333333
8 0.6582089552238806 0.5266666666666666 0.18208955223880596 0.39666666666666667
18 0.85 0.30333333333333334 0.19850746268656716 0.10333333333333333
2 0.4388059701492537 0.20333333333333334 0.7791044776119403 0.11
3 0.5029850746268657 0.11666666666666667 0.9208955223880597 0.13666666666666666
12 0.8888059701492538 0.22 0.13134328358208955 0.09333333333333334
1 0.9082089552238806 0.5383333333333333 0.07164179104477612 0.38
16 0.16044776119402984 0.455 0.21492537313432836 0.44
4 0.29402985074626864 0.5266666666666666 0.0626865671641791 0.4033333333333333
7 0.3246268656716418 0.2816666666666667 0.12835820895522387 0.08666666666666667
0 0.44925373134328356 0.2833333333333333 0.12388059701492538 0.09333333333333334
10 0.5708955223880597 0.285 0.1208955223880597 0.09333333333333334
14 0.691044776119403 0.2916666666666667 0.11940298507462686 0.09
6 0.4761194029850746 0.5266666666666666 0.06865671641791045 0.39
17 0.5380597014925373 0.5266666666666666 0.0626865671641791 0.39
9 0.3567164179104478 0.525 0.07014925373134329 0.4
5 0.41492537313432837 0.525 0.05373134328358209 0.39666666666666667