15 0.6646266829865362 0.1451990632318501 0.06854345165238677 0.2903981264637002
11 0.605875152998776 0.6920374707259953 0.05018359853121175 0.5644028103044496
8 0.48776009791921665 0.22833723653395785 0.18604651162790697 0.3629976580796253
17 0.488984088127295 0.4707259953161593 0.18727050183598531 0.12646370023419204
6 0.48776009791921665 0.6018735362997658 0.18727050183598531 0.13817330210772832
10 0.37576499388004897 0.4098360655737705 0.03916768665850673 0.24355971896955503
7 0.3763769889840881 0.8840749414519906 0.04039167686658507 0.22716627634660422
0 0.37515299877600977 0.6498829039812647 0.03916768665850673 0.24121779859484777
5 0.48714810281517745 0.7201405152224825 0.18604651162790697 0.10772833723653395
9 0.48714810281517745 0.8372365339578455 0.18604651162790697 0.1358313817330211
4 0.48776009791921665 0.949648711943794 0.18727050183598531 0.09601873536299765
2 0.33598531211750304 0.49882903981264637 0.042839657282741736 0.9976580796252927
3 0.2962056303549572 0.49882903981264637 0.044063647490820076 0.9976580796252927
14 0.3763769889840881 0.16744730679156908 0.03916768665850673 0.24355971896955503