11 0.35555555555555557 0.321875 0.050793650793650794 0.6
4 0.4777777777777778 0.053125 0.19365079365079366 0.10625
9 0.4777777777777778 0.16875 0.19365079365079366 0.1375
5 0.47619047619047616 0.290625 0.19365079365079366 0.11875
6 0.4746031746031746 0.425 0.19047619047619047 0.14375
17 0.47619047619047616 0.5625 0.19682539682539682 0.1375
8 0.4746031746031746 0.8125 0.19365079365079366 0.3625
2 0.6333333333333333 0.496875 0.05396825396825397 0.99375
3 0.6730158730158731 0.496875 0.05714285714285714 0.99375
7 0.5952380952380952 0.121875 0.04126984126984127 0.24375
0 0.5920634920634921 0.36875 0.04126984126984127 0.25625
10 0.5920634920634921 0.625 0.04126984126984127 0.25625
14 0.5904761904761905 0.871875 0.044444444444444446 0.24375
15 0.30952380952380953 0.925 0.047619047619047616 0.1375