13 0.8013333333333333 0.15165876777251186 0.21333333333333335 0.07109004739336493
11 0.5613333333333334 0.14099526066350712 0.268 0.061611374407582936
15 0.22666666666666666 0.09004739336492891 0.30266666666666664 0.08056872037914692
16 0.8413333333333334 0.3566350710900474 0.24 0.2914691943127962
4 0.7 0.2950236966824645 0.06933333333333333 0.25355450236966826
9 0.636 0.29265402843601895 0.072 0.24881516587677724
5 0.572 0.2902843601895735 0.05733333333333333 0.25118483412322273
6 0.51 0.28554502369668244 0.07866666666666666 0.24881516587677724
17 0.44533333333333336 0.28791469194312796 0.08133333333333333 0.24407582938388625
8 0.326 0.29265402843601895 0.20266666666666666 0.24170616113744076
1 0.08466666666666667 0.29739336492890994 0.10933333333333334 0.23459715639810427
2 0.5506666666666666 0.5177725118483413 0.844 0.0995260663507109
12 0.07133333333333333 0.4976303317535545 0.14 0.06635071090047394
3 0.49333333333333335 0.5781990521327014 0.984 0.10900473933649289
7 0.6686666666666666 0.44786729857819907 0.13866666666666666 0.07109004739336493
0 0.534 0.4395734597156398 0.132 0.061611374407582936
10 0.404 0.4372037914691943 0.13466666666666666 0.061611374407582936
14 0.2786666666666667 0.4431279620853081 0.13066666666666665 0.05687203791469194
18 0.12 0.4431279620853081 0.21066666666666667 0.05924170616113744