15 0.19194312796208532 0.12 0.3412322274881517 0.14666666666666667
1 0.08214849921011058 0.4666666666666667 0.052132701421800945 0.36666666666666664
12 0.11690363349131122 0.765 0.12322274881516587 0.08333333333333333
13 0.8104265402843602 0.22666666666666666 0.21484992101105846 0.1
11 0.5624012638230648 0.22833333333333333 0.2843601895734597 0.10666666666666667
16 0.8199052132701422 0.5316666666666666 0.1895734597156398 0.4
2 0.5458135860979463 0.7683333333333333 0.7361769352290679 0.09
3 0.48578199052132703 0.8466666666666667 0.8562401263823065 0.09
8 0.3341232227488152 0.4666666666666667 0.1769352290679305 0.37333333333333335
18 0.15165876777251186 0.6933333333333334 0.19273301737756715 0.08333333333333333
6 0.518957345971564 0.4666666666666667 0.06951026856240126 0.37333333333333335
17 0.45339652448657186 0.4666666666666667 0.061611374407582936 0.37333333333333335
5 0.5781990521327014 0.465 0.053712480252764615 0.37333333333333335
9 0.6374407582938388 0.465 0.06635071090047394 0.37333333333333335
0 0.5458135860979463 0.695 0.12322274881516587 0.08666666666666667
4 0.69826224328594 0.465 0.05687203791469194 0.37333333333333335
7 0.6666666666666666 0.6933333333333334 0.12006319115323855 0.08666666666666667
14 0.3048973143759874 0.6916666666666667 0.11532385466034756 0.08333333333333333
10 0.42338072669826227 0.6933333333333334 0.12322274881516587 0.08333333333333333