13 0.6640926640926641 0.09278350515463918 0.05405405405405406 0.18556701030927836
11 0.6640926640926641 0.3711340206185567 0.05019305019305019 0.37628865979381443
15 0.7239382239382239 0.8144329896907216 0.07335907335907337 0.36082474226804123
16 0.5212355212355212 0.07731958762886598 0.19305019305019305 0.15463917525773196
4 0.5521235521235521 0.18814432989690721 0.17374517374517376 0.07731958762886598
9 0.5521235521235521 0.2706185567010309 0.1776061776061776 0.08247422680412371
5 0.5501930501930502 0.3479381443298969 0.1776061776061776 0.07216494845360824
6 0.5501930501930502 0.43041237113402064 0.1776061776061776 0.09278350515463918
17 0.5501930501930502 0.5180412371134021 0.18146718146718147 0.08762886597938144
8 0.5482625482625483 0.6829896907216495 0.18146718146718147 0.24742268041237114
7 0.444015444015444 0.2268041237113402 0.04247104247104247 0.15979381443298968
0 0.4420849420849421 0.3943298969072165 0.04247104247104247 0.16494845360824742
10 0.44015444015444016 0.5592783505154639 0.04247104247104247 0.16494845360824742
14 0.44015444015444016 0.7242268041237113 0.03861003861003861 0.16494845360824742
18 0.4362934362934363 0.9020618556701031 0.04633204633204633 0.18556701030927836
2 0.40540540540540543 0.45618556701030927 0.04633204633204633 0.9123711340206185
12 0.3996138996138996 0.9510309278350515 0.04247104247104247 0.08762886597938144
3 0.3687258687258687 0.49742268041237114 0.05019305019305019 0.9948453608247423