15 0.16083333333333333 0.8393234672304439 0.041666666666666664 0.3171247357293869
13 0.20583333333333334 0.08773784355179703 0.04833333333333333 0.17547568710359407
11 0.20416666666666666 0.35306553911205074 0.04833333333333333 0.36152219873150104
8 0.31916666666666665 0.6479915433403806 0.18166666666666667 0.23044397463002114
1 0.31916666666666665 0.9735729386892178 0.18166666666666667 0.048625792811839326
18 0.42833333333333334 0.8805496828752643 0.04 0.2346723044397463
12 0.465 0.9260042283298098 0.04 0.14376321353065538
14 0.4266666666666667 0.686046511627907 0.03833333333333333 0.15644820295983086
10 0.4275 0.5317124735729387 0.04 0.15644820295983086
17 0.3175 0.492600422832981 0.18 0.0824524312896406
6 0.31833333333333336 0.4090909090909091 0.18 0.08879492600422834
16 0.3516666666666667 0.07293868921775898 0.19333333333333333 0.14587737843551796
4 0.31916666666666665 0.17970401691331925 0.18 0.07610993657505286
9 0.31833333333333336 0.25792811839323465 0.18166666666666667 0.0824524312896406
5 0.32 0.33298097251585623 0.18 0.06976744186046512
0 0.42833333333333334 0.3773784355179704 0.04 0.15644820295983086
7 0.42833333333333334 0.22093023255813954 0.04 0.15856236786469344
2 0.4658333333333333 0.42917547568710357 0.041666666666666664 0.8583509513742071
3 0.5033333333333333 0.4989429175475687 0.043333333333333335 0.9978858350951374