16 0.8930555555555556 0.503125 0.2111111111111111 0.19375
13 0.8770833333333333 0.3619791666666667 0.24305555555555555 0.046875
11 0.5756944444444444 0.3578125 0.3597222222222222 0.04479166666666667
15 0.16458333333333333 0.3020833333333333 0.32916666666666666 0.06666666666666667
4 0.7506944444444444 0.4666666666666667 0.07777777777777778 0.17291666666666666
9 0.6673611111111111 0.46510416666666665 0.09027777777777778 0.17291666666666666
7 0.7055555555555556 0.5703125 0.16805555555555557 0.042708333333333334
0 0.5409722222222222 0.5661458333333333 0.1625 0.042708333333333334
10 0.37916666666666665 0.5619791666666667 0.16805555555555557 0.040625
18 0.075 0.553125 0.15 0.04375
14 0.21944444444444444 0.5583333333333333 0.16111111111111112 0.03958333333333333
12 0.024305555555555556 0.5880208333333333 0.04861111111111111 0.040625
8 0.2701388888888889 0.4588541666666667 0.24722222222222223 0.16875
17 0.4270833333333333 0.4609375 0.09166666666666666 0.16666666666666666
6 0.5118055555555555 0.4630208333333333 0.09722222222222222 0.16875
5 0.5875 0.46458333333333335 0.0763888888888889 0.17083333333333334
2 0.5180555555555556 0.60625 0.9611111111111111 0.06875
3 0.49930555555555556 0.6427083333333333 0.9986111111111111 0.07708333333333334