13 0.8125 0.7889733840304183 0.20166666666666666 0.10646387832699619
11 0.5791666666666667 0.7908745247148289 0.2683333333333333 0.10266159695817491
15 0.21666666666666667 0.8954372623574145 0.25166666666666665 0.09125475285171103
16 0.8233333333333334 0.4752851711026616 0.18 0.4068441064638783
4 0.7058333333333333 0.5494296577946768 0.05333333333333334 0.3840304182509506
9 0.6491666666666667 0.5494296577946768 0.06333333333333334 0.38783269961977185
5 0.5933333333333334 0.5475285171102662 0.051666666666666666 0.3916349809885932
6 0.5358333333333334 0.5475285171102662 0.065 0.38783269961977185
17 0.475 0.5475285171102662 0.058333333333333334 0.38783269961977185
8 0.36083333333333334 0.5513307984790875 0.17 0.3840304182509506
1 0.11 0.5494296577946768 0.055 0.38783269961977185
7 0.6766666666666666 0.31368821292775667 0.11666666666666667 0.07984790874524715
0 0.5608333333333333 0.3155893536121673 0.11666666666666667 0.07984790874524715
10 0.4533333333333333 0.3155893536121673 0.1 0.08365019011406843
14 0.33916666666666667 0.31749049429657794 0.12666666666666668 0.08365019011406843
18 0.18083333333333335 0.31749049429657794 0.19166666666666668 0.07984790874524715
2 0.56 0.2338403041825095 0.7066666666666667 0.08365019011406843
12 0.14666666666666667 0.2338403041825095 0.12333333333333334 0.08365019011406843
3 0.49916666666666665 0.1520912547528517 0.83 0.08365019011406843