15 0.190625 0.7645833333333333 0.378125 0.12916666666666668
13 0.8578125 0.64375 0.228125 0.0875
11 0.5921875 0.6541666666666667 0.30625 0.0875
8 0.3375 0.48333333333333334 0.203125 0.29583333333333334
1 0.04296875 0.49166666666666664 0.0703125 0.29583333333333334
16 0.8734375 0.41041666666666665 0.20625 0.30833333333333335
7 0.7046875 0.29375 0.134375 0.06666666666666667
5 0.609375 0.471875 0.059375 0.2875
6 0.54375 0.475 0.078125 0.2875
10 0.4375 0.303125 0.1390625 0.06666666666666667
17 0.471875 0.475 0.0703125 0.2916666666666667
9 0.6734375 0.46979166666666666 0.071875 0.2875
4 0.73984375 0.46770833333333334 0.0625 0.28958333333333336
18 0.12109375 0.31354166666666666 0.23125 0.06875
12 0.078125 0.25 0.1484375 0.06458333333333334
14 0.30234375 0.30520833333333336 0.1375 0.06458333333333334
2 0.56328125 0.23645833333333333 0.828125 0.09166666666666666
3 0.490625 0.17708333333333334 0.978125 0.08958333333333333
0 0.57109375 0.29791666666666666 0.1328125 0.06458333333333334