13 0.626 0.25666666666666665 0.23 0.06333333333333334
15 0.077 0.19333333333333333 0.15 0.08666666666666667
16 0.661 0.47 0.238 0.2866666666666667
7 0.493 0.5883333333333334 0.144 0.06666666666666667
4 0.519 0.42333333333333334 0.08 0.27
9 0.453 0.425 0.084 0.27
5 0.388 0.4266666666666667 0.068 0.2733333333333333
6 0.323 0.4266666666666667 0.082 0.27
17 0.252 0.43 0.07 0.27
11 0.365 0.26 0.298 0.07
2 0.394 0.6533333333333333 0.784 0.08666666666666667
8 0.116 0.43333333333333335 0.2 0.27666666666666667
0 0.355 0.5916666666666667 0.14 0.06666666666666667
3 0.398 0.7166666666666667 0.792 0.08666666666666667
10 0.218 0.5966666666666667 0.14 0.06333333333333334
14 0.082 0.6 0.134 0.06666666666666667
18 0.009 0.6033333333333334 0.014 0.06
15 0.069 0.9 0.134 0.12
13 0.685 0.97 0.262 0.05333333333333334
11 0.386 0.9733333333333334 0.34 0.04666666666666667