15 0.2188 0.26545842217484006 0.2136 0.05543710021321962
13 0.7576 0.28624733475479747 0.1928 0.06716417910447761
11 0.5412 0.2995735607675906 0.24 0.06396588486140725
16 0.7656 0.447228144989339 0.1696 0.208955223880597
8 0.3552 0.42963752665245203 0.1568 0.19189765458422176
18 0.2204 0.5437100213219617 0.152 0.035181236673773986
1 0.154 0.43603411513859275 0.0664 0.1865671641791045
5 0.5564 0.42217484008528783 0.048 0.19402985074626866
14 0.3412 0.5426439232409381 0.096 0.03731343283582089
6 0.5068 0.423773987206823 0.0624 0.1929637526652452
17 0.4528 0.4248400852878465 0.0584 0.19189765458422176
10 0.4356 0.5389125799573561 0.0976 0.04157782515991471
12 0.198 0.5794243070362474 0.0976 0.03624733475479744
2 0.542 0.5735607675906184 0.5968 0.046908315565031986
3 0.496 0.6092750533049041 0.6816 0.04477611940298507
9 0.6056 0.4200426439232409 0.0568 0.19402985074626866
4 0.658 0.417910447761194 0.0488 0.19722814498933902
7 0.6304 0.5357142857142857 0.1008 0.04051172707889126
0 0.532 0.5378464818763327 0.0976 0.04051172707889126