13 0.5802845528455285 0.058884297520661155 0.03861788617886179 0.11776859504132231
11 0.5792682926829268 0.3357438016528926 0.036585365853658534 0.44214876033057854
16 0.47052845528455284 0.042355371900826444 0.1443089430894309 0.08471074380165289
4 0.49390243902439024 0.128099173553719 0.13414634146341464 0.08884297520661157
9 0.49441056910569103 0.22210743801652894 0.13414634146341464 0.1012396694214876
5 0.49441056910569103 0.3140495867768595 0.13414634146341464 0.08471074380165289
6 0.49441056910569103 0.40702479338842973 0.13414634146341464 0.10743801652892562
17 0.49339430894308944 0.5072314049586777 0.13414634146341464 0.09710743801652892
8 0.4928861788617886 0.6942148760330579 0.13414634146341464 0.2768595041322314
2 0.38363821138211385 0.47417355371900827 0.029471544715447155 0.9483471074380165
3 0.3546747967479675 0.4989669421487603 0.03048780487804878 0.9979338842975206
12 0.383130081300813 0.9710743801652892 0.03048780487804878 0.05371900826446281
18 0.4115853658536585 0.9132231404958677 0.03048780487804878 0.16942148760330578
15 0.6138211382113821 0.8657024793388429 0.04065040650406504 0.2644628099173554
7 0.41260162601626016 0.17768595041322313 0.028455284552845527 0.1921487603305785
0 0.41260162601626016 0.36673553719008267 0.028455284552845527 0.18801652892561985
10 0.41209349593495936 0.5537190082644629 0.03048780487804878 0.18801652892561985
14 0.41260162601626016 0.7396694214876033 0.029471544715447155 0.18801652892561985