15 0.24161585365853658 0.855 0.21189024390243902 0.08333333333333333
1 0.12804878048780488 0.545 0.056402439024390245 0.3566666666666667
13 0.8071646341463414 0.7683333333333333 0.1951219512195122 0.09333333333333334
11 0.5815548780487805 0.7683333333333333 0.2576219512195122 0.09333333333333334
8 0.36890243902439024 0.5416666666666666 0.16920731707317074 0.3566666666666667
18 0.1913109756097561 0.33 0.18597560975609756 0.08
16 0.823170731707317 0.47833333333333333 0.17682926829268292 0.38
4 0.7111280487804879 0.545 0.056402439024390245 0.3566666666666667
9 0.6539634146341463 0.5433333333333333 0.0625 0.3566666666666667
5 0.5998475609756098 0.5416666666666666 0.05030487804878049 0.36
6 0.541920731707317 0.5433333333333333 0.06554878048780488 0.3566666666666667
17 0.4817073170731707 0.5433333333333333 0.056402439024390245 0.36
7 0.6821646341463414 0.32666666666666666 0.11585365853658537 0.07666666666666666
0 0.5670731707317073 0.32666666666666666 0.11432926829268293 0.07666666666666666
10 0.45198170731707316 0.32666666666666666 0.11432926829268293 0.07666666666666666
14 0.3391768292682927 0.32666666666666666 0.11128048780487805 0.07666666666666666
12 0.15701219512195122 0.25333333333333335 0.1173780487804878 0.07666666666666666
2 0.5640243902439024 0.25333333333333335 0.6996951219512195 0.08666666666666667
3 0.5053353658536586 0.17333333333333334 0.8170731707317073 0.08666666666666667