13 0.8058375634517766 0.10625 0.19289340101522842 0.05
11 0.5824873096446701 0.1078125 0.25380710659898476 0.05
15 0.24492385786802032 0.0609375 0.2131979695431472 0.05
16 0.8223350253807107 0.2640625 0.17258883248730963 0.209375
1 0.13071065989847716 0.2328125 0.0532994923857868 0.196875
18 0.19543147208121828 0.3515625 0.18781725888324874 0.040625
12 0.1598984771573604 0.39375 0.11928934010152284 0.04375
2 0.5634517766497462 0.3890625 0.6903553299492385 0.046875
3 0.5038071065989848 0.43125 0.8096446700507615 0.046875
8 0.37182741116751267 0.23125 0.16751269035532995 0.196875
4 0.7093908629441624 0.2296875 0.05583756345177665 0.196875
9 0.6522842639593909 0.228125 0.06091370558375635 0.196875
5 0.600253807106599 0.228125 0.0532994923857868 0.196875
6 0.5431472081218274 0.23125 0.06345177664974619 0.19375
17 0.4847715736040609 0.2296875 0.0583756345177665 0.19375
7 0.6814720812182741 0.346875 0.11421319796954314 0.040625
14 0.34390862944162437 0.3484375 0.11421319796954314 0.040625
10 0.45685279187817257 0.3484375 0.11421319796954314 0.046875
0 0.5697969543147208 0.3484375 0.1116751269035533 0.04375
13 0.8147208121827412 0.603125 0.19543147208121828 0.053125
11 0.5862944162436549 0.6078125 0.25888324873096447 0.053125
15 0.2398477157360406 0.5578125 0.21573604060913706 0.053125
1 0.12436548223350254 0.7390625 0.0532994923857868 0.20625
18 0.19289340101522842 0.8609375 0.19035532994923857 0.046875
8 0.37182741116751267 0.7375 0.1700507614213198 0.203125
16 0.8299492385786802 0.7703125 0.17258883248730963 0.21875
4 0.7182741116751269 0.734375 0.05583756345177665 0.20625
9 0.6611675126903553 0.734375 0.06345177664974619 0.20625
5 0.6053299492385786 0.734375 0.05583756345177665 0.20625
6 0.5469543147208121 0.7359375 0.06598984771573604 0.20625
17 0.4860406091370558 0.7359375 0.0583756345177665 0.203125
2 0.567258883248731 0.9015625 0.6979695431472082 0.05
3 0.5076142131979695 0.9453125 0.8197969543147208 0.05
7 0.6890862944162437 0.8578125 0.116751269035533 0.046875
0 0.5736040609137056 0.859375 0.11421319796954314 0.04375
10 0.4593908629441624 0.8625 0.11421319796954314 0.04375
14 0.34517766497461927 0.8609375 0.11421319796954314 0.04375
12 0.1598984771573604 0.9046875 0.1218274111675127 0.04375