16 0.6412825651302605 0.0953757225433526 0.156312625250501 0.1907514450867052
13 0.5731462925851704 0.02601156069364162 0.11222444889779559 0.05202312138728324
8 0.4258517034068136 0.4277456647398844 0.17234468937875752 0.2832369942196532
7 0.6172344689378757 0.22254335260115607 0.06412825651302605 0.12427745664739884
4 0.5781563126252505 0.1199421965317919 0.1062124248496994 0.17341040462427745
9 0.5541082164328658 0.1676300578034682 0.11222444889779559 0.1791907514450867
5 0.530060120240481 0.21676300578034682 0.11022044088176353 0.17341040462427745
6 0.5050100200400801 0.26734104046242774 0.11823647294589178 0.18208092485549132
17 0.4779559118236473 0.3222543352601156 0.12024048096192384 0.18208092485549132
11 0.46593186372745493 0.15028901734104047 0.14829659318637275 0.2745664739884393
1 0.3066132264529058 0.680635838150289 0.13226452905811623 0.17052023121387283
18 0.40380761523046094 0.6791907514450867 0.11022044088176353 0.21965317919075145
14 0.47194388777555113 0.5289017341040463 0.07014028056112225 0.1329479768786127
0 0.5701402805611222 0.319364161849711 0.06212424849699399 0.12716763005780346
10 0.5220440881763527 0.4234104046242775 0.06613226452905811 0.1329479768786127
12 0.40981963927855714 0.7355491329479769 0.08016032064128256 0.15028901734104047
3 0.5701402805611222 0.4436416184971098 0.35470941883767537 0.7687861271676301
2 0.5791583166332666 0.36127167630057805 0.30060120240480964 0.653179190751445
15 0.2605210420841683 0.4523121387283237 0.21042084168336672 0.3959537572254335
15 0.5110220440881763 0.7485549132947977 0.17835671342685372 0.3786127167630058
16 0.8046092184368737 0.33670520231213874 0.08216432865731463 0.24855491329479767
13 0.7665330661322646 0.2586705202312139 0.09218436873747494 0.18786127167630057
11 0.6823647294589178 0.4523121387283237 0.11823647294589178 0.2543352601156069
8 0.656312625250501 0.708092485549133 0.1523046092184369 0.25722543352601157
1 0.561122244488978 0.9335260115606936 0.12024048096192384 0.12716763005780346
14 0.7024048096192385 0.7947976878612717 0.06012024048096192 0.12427745664739884
18 0.6472945891783567 0.9161849710982659 0.09218436873747494 0.16184971098265896
12 0.6533066132264529 0.9609826589595376 0.06813627254509018 0.07225433526011561
3 0.7424849699398798 0.7630057803468208 0.21042084168336672 0.4682080924855491
2 0.7565130260521042 0.7052023121387283 0.18036072144288579 0.476878612716763
17 0.6993987975951904 0.6040462427745664 0.10821643286573146 0.15606936416184972
6 0.7214428857715431 0.5505780346820809 0.1062124248496994 0.1531791907514451
5 0.7404809619238477 0.5043352601156069 0.09819639278557114 0.14450867052023122
9 0.7595190380761523 0.45664739884393063 0.10420841683366733 0.1531791907514451
4 0.779559118236473 0.41040462427745666 0.09819639278557114 0.14739884393063585
10 0.7424849699398798 0.6936416184971098 0.05811623246492986 0.12427745664739884
0 0.781563126252505 0.5924855491329479 0.05410821643286573 0.11849710982658959
7 0.8186372745490982 0.4985549132947977 0.056112224448897796 0.11849710982658959