13 0.5712962962962963 0.0859375 0.053703703703703705 0.171875
11 0.5712962962962963 0.4203125 0.05 0.496875
15 0.6101851851851852 0.9296875 0.05 0.134375
16 0.41944444444444445 0.0671875 0.19814814814814816 0.134375
4 0.4537037037037037 0.1796875 0.18518518518518517 0.103125
9 0.4537037037037037 0.2890625 0.18518518518518517 0.11875
5 0.4537037037037037 0.3921875 0.18518518518518517 0.09375
6 0.4537037037037037 0.4984375 0.18518518518518517 0.115625
17 0.4546296296296296 0.6109375 0.18518518518518517 0.109375
7 0.34074074074074073 0.2390625 0.044444444444444446 0.215625
0 0.3398148148148148 0.4515625 0.040740740740740744 0.20625
10 0.34074074074074073 0.6609375 0.04259259259259259 0.2125
14 0.34074074074074073 0.8671875 0.04259259259259259 0.203125
2 0.30092592592592593 0.4984375 0.03888888888888889 0.996875
3 0.2638888888888889 0.4984375 0.03888888888888889 0.996875
8 0.4537037037037037 0.821875 0.18703703703703703 0.309375