13 0.14140625 0.20729166666666668 0.265625 0.08958333333333333
11 0.43671875 0.18229166666666666 0.334375 0.10208333333333333
15 0.828125 0.07291666666666667 0.340625 0.1125
7 0.3375 0.5354166666666667 0.15625 0.07708333333333334
0 0.48515625 0.5197916666666667 0.1515625 0.07916666666666666
10 0.63125 0.503125 0.146875 0.07916666666666666
2 0.475 0.58125 0.91875 0.175
3 0.50703125 0.6322916666666667 0.984375 0.19583333333333333
14 0.7703125 0.48333333333333334 0.146875 0.075
18 0.9171875 0.46458333333333335 0.1625 0.08333333333333333
12 0.9625 0.5125 0.071875 0.06666666666666667
16 0.1359375 0.4395833333333333 0.246875 0.325
4 0.2875 0.37083333333333335 0.08125 0.28541666666666665
8 0.71875 0.33125 0.234375 0.2875
9 0.36171875 0.3645833333333333 0.096875 0.2833333333333333
5 0.43203125 0.35833333333333334 0.08125 0.2791666666666667
1 0.978125 0.29270833333333335 0.040625 0.2604166666666667
6 0.5046875 0.35 0.103125 0.2833333333333333
17 0.58046875 0.34375 0.0953125 0.2791666666666667