13 0.23111979166666666 0.74658203125 0.048828125 0.16748046875
11 0.23372395833333334 0.55615234375 0.050130208333333336 0.2138671875
15 0.17708333333333334 0.275390625 0.07161458333333333 0.2607421875
16 0.3802083333333333 0.75341796875 0.193359375 0.1513671875
4 0.3470052083333333 0.65771484375 0.18229166666666666 0.0458984375
9 0.3470052083333333 0.61083984375 0.181640625 0.05224609375
5 0.34765625 0.56640625 0.18033854166666666 0.041015625
6 0.3483072916666667 0.52099609375 0.17903645833333334 0.05224609375
17 0.3483072916666667 0.47216796875 0.17838541666666666 0.04638671875
8 0.3483072916666667 0.3818359375 0.17838541666666666 0.13427734375
1 0.34765625 0.18701171875 0.17578125 0.04052734375
7 0.4563802083333333 0.63134765625 0.037109375 0.09375
0 0.4563802083333333 0.53955078125 0.037109375 0.08984375
10 0.4557291666666667 0.44970703125 0.037109375 0.09033203125
14 0.455078125 0.359375 0.037760416666666664 0.08935546875
18 0.4537760416666667 0.24072265625 0.037760416666666664 0.1484375
12 0.4908854166666667 0.21337890625 0.037760416666666664 0.09423828125
2 0.494140625 0.5439453125 0.042317708333333336 0.56640625
3 0.5319010416666666 0.49658203125 0.044270833333333336 0.66015625