11 0.6298174442190669 0.32547169811320753 0.04665314401622718 0.6367924528301887
4 0.5202839756592292 0.04481132075471698 0.17647058823529413 0.08962264150943396
8 0.5233265720081136 0.8183962264150944 0.17849898580121704 0.35377358490566035
9 0.5192697768762677 0.1580188679245283 0.1744421906693712 0.14622641509433962
5 0.5202839756592292 0.28773584905660377 0.1744421906693712 0.1179245283018868
6 0.5202839756592292 0.42452830188679247 0.1744421906693712 0.16037735849056603
17 0.5212981744421906 0.5707547169811321 0.17647058823529413 0.14150943396226415
10 0.4158215010141988 0.6438679245283019 0.036511156186612576 0.2783018867924528
14 0.41683569979716023 0.8844339622641509 0.038539553752535496 0.22169811320754718
7 0.4148073022312373 0.1179245283018868 0.038539553752535496 0.2358490566037736
0 0.4148073022312373 0.36792452830188677 0.036511156186612576 0.2783018867924528
2 0.37829614604462475 0.49764150943396224 0.04259634888438134 0.9952830188679245
3 0.3438133874239351 0.49764150943396224 0.04259634888438134 0.9952830188679245