15 0.8574040219378428 0.1712121212121212 0.28153564899451555 0.1
13 0.0886654478976234 0.2 0.1773308957952468 0.12121212121212122
11 0.3711151736745887 0.2196969696969697 0.3930530164533821 0.12424242424242424
18 0.9186471663619744 0.7121212121212122 0.1590493601462523 0.08484848484848485
8 0.7029250457038391 0.47575757575757577 0.27056672760511885 0.38484848484848483
4 0.16910420475319926 0.4575757575757576 0.10420475319926874 0.396969696969697
16 0.06855575868372943 0.5257575757575758 0.13711151736745886 0.42727272727272725
0 0.38939670932358317 0.7045454545454546 0.18647166361974407 0.09090909090909091
6 0.43144424131627057 0.4681818181818182 0.10420475319926874 0.3878787878787879
17 0.5292504570383912 0.4696969696969697 0.09323583180987204 0.38484848484848483
5 0.34277879341864714 0.46515151515151515 0.08592321755027423 0.39090909090909093
9 0.25685557586837293 0.46060606060606063 0.11151736745886655 0.396969696969697
12 0.9753199268738574 0.7984848484848485 0.04570383912248629 0.08787878787878788
10 0.5749542961608776 0.706060606060606 0.1882998171846435 0.08787878787878788
14 0.7541133455210237 0.7090909090909091 0.1773308957952468 0.09090909090909091
7 0.20383912248628885 0.7 0.19012797074954296 0.09393939393939393
2 0.47989031078610606 0.7909090909090909 0.9597806215722121 0.10303030303030303
3 0.4990859232175503 0.8833333333333333 0.9981718464351006 0.10606060606060606