15 0.779296875 0.8859649122807017 0.330078125 0.14473684210526316
2 0.4443359375 0.21710526315789475 0.705078125 0.09210526315789473
3 0.50390625 0.14473684210526316 0.82421875 0.09649122807017543
12 0.85546875 0.23026315789473684 0.119140625 0.08333333333333333
7 0.330078125 0.29605263157894735 0.11328125 0.07894736842105263
0 0.4443359375 0.2982456140350877 0.115234375 0.07894736842105263
10 0.5595703125 0.2982456140350877 0.115234375 0.08333333333333333
14 0.671875 0.3026315789473684 0.109375 0.08333333333333333
18 0.8212890625 0.3048245614035088 0.189453125 0.08333333333333333
4 0.298828125 0.5241228070175439 0.052734375 0.37280701754385964
9 0.3564453125 0.5241228070175439 0.0625 0.37280701754385964
5 0.4111328125 0.5219298245614035 0.05078125 0.37280701754385964
6 0.4677734375 0.5241228070175439 0.068359375 0.37280701754385964
17 0.529296875 0.5263157894736842 0.060546875 0.37280701754385964
8 0.6416015625 0.5285087719298246 0.169921875 0.37719298245614036
1 0.888671875 0.5350877192982456 0.0546875 0.37280701754385964
11 0.42578125 0.7587719298245614 0.263671875 0.09649122807017543
13 0.1923828125 0.756578947368421 0.205078125 0.10087719298245613
16 0.181640625 0.44956140350877194 0.181640625 0.39473684210526316