13 0.3925 0.7933333333333333 0.04 0.23666666666666666
11 0.395 0.525 0.0375 0.31
15 0.365 0.12166666666666667 0.04 0.24333333333333335
4 0.48625 0.67 0.145 0.06666666666666667
16 0.5125 0.81 0.1575 0.21666666666666667
2 0.60625 0.5066666666666667 0.035 0.82
3 0.6375 0.46166666666666667 0.035 0.9233333333333333
12 0.60875 0.05 0.0325 0.1
1 0.49375 0.013333333333333334 0.1425 0.02666666666666667
18 0.5775 0.09 0.035 0.18
8 0.48875 0.2733333333333333 0.145 0.19666666666666666
5 0.48625 0.5383333333333333 0.145 0.06
6 0.4875 0.47333333333333333 0.145 0.07666666666666666
17 0.4875 0.4033333333333333 0.145 0.06666666666666667
9 0.48625 0.605 0.145 0.07666666666666666
0 0.575 0.5016666666666667 0.0325 0.13
10 0.575 0.37166666666666665 0.03 0.13333333333333333
14 0.5775 0.24333333333333335 0.035 0.13333333333333333
7 0.575 0.6366666666666667 0.03 0.13666666666666666