13 0.17375 0.31666666666666665 0.2175 0.07333333333333333
15 0.77625 0.2833333333333333 0.225 0.06
16 0.15625 0.51 0.205 0.25333333333333335
4 0.2825 0.47 0.06 0.23333333333333334
11 0.41875 0.3283333333333333 0.275 0.07333333333333333
8 0.64 0.48 0.1725 0.23333333333333334
18 0.8225 0.6233333333333333 0.195 0.05333333333333334
10 0.5525 0.6183333333333333 0.12 0.05333333333333334
14 0.66875 0.62 0.115 0.05
5 0.4025 0.47333333333333333 0.055 0.23333333333333334
6 0.46125 0.4766666666666667 0.0725 0.23333333333333334
17 0.52375 0.4766666666666667 0.065 0.23333333333333334
9 0.34375 0.47333333333333333 0.07 0.23666666666666666
7 0.3125 0.6116666666666667 0.125 0.05
0 0.43375 0.615 0.12 0.05333333333333334
1 0.88875 0.485 0.0575 0.22666666666666666
2 0.42375 0.6666666666666666 0.7475 0.06
3 0.48625 0.7183333333333334 0.875 0.06
12 0.85875 0.6733333333333333 0.13 0.05333333333333334