15 0.679 0.9016393442622951 0.05 0.1885245901639344
2 0.37 0.4979508196721312 0.056 0.9959016393442623
3 0.328 0.4979508196721312 0.056 0.9959016393442623
11 0.645 0.3012295081967213 0.058 0.5983606557377049
17 0.522 0.5409836065573771 0.196 0.11475409836065574
8 0.518 0.7745901639344263 0.196 0.3524590163934426
14 0.401 0.8319672131147541 0.042 0.2459016393442623
7 0.41 0.10655737704918032 0.044 0.21311475409836064
0 0.405 0.3463114754098361 0.042 0.27459016393442626
10 0.403 0.5963114754098361 0.042 0.22950819672131148
4 0.529 0.040983606557377046 0.198 0.08196721311475409
9 0.525 0.14549180327868852 0.194 0.14754098360655737
5 0.523 0.2725409836065574 0.192 0.12295081967213115
6 0.522 0.4098360655737705 0.194 0.1557377049180328