13 0.29777777777777775 0.11443661971830986 0.035555555555555556 0.22887323943661972
11 0.29555555555555557 0.3785211267605634 0.03111111111111111 0.3028169014084507
16 0.39555555555555555 0.1056338028169014 0.1288888888888889 0.2112676056338028
4 0.3711111111111111 0.23767605633802816 0.11777777777777777 0.06338028169014084
9 0.3711111111111111 0.301056338028169 0.12 0.07394366197183098
5 0.3711111111111111 0.3644366197183099 0.11777777777777777 0.056338028169014086
6 0.3711111111111111 0.4295774647887324 0.11777777777777777 0.07394366197183098
17 0.3711111111111111 0.4982394366197183 0.11777777777777777 0.06338028169014084
8 0.3711111111111111 0.6285211267605634 0.12 0.1936619718309859
1 0.3688888888888889 0.9066901408450704 0.11777777777777777 0.05985915492957746
7 0.44222222222222224 0.272887323943662 0.024444444444444446 0.13028169014084506
0 0.44222222222222224 0.4014084507042254 0.024444444444444446 0.13028169014084506
10 0.44222222222222224 0.5299295774647887 0.024444444444444446 0.1267605633802817
14 0.44222222222222224 0.6584507042253521 0.024444444444444446 0.13028169014084506
18 0.4411111111111111 0.829225352112676 0.02666666666666667 0.2147887323943662
2 0.4677777777777778 0.40316901408450706 0.028888888888888888 0.7992957746478874
3 0.4911111111111111 0.46830985915492956 0.028888888888888888 0.9295774647887324
12 0.46555555555555556 0.8679577464788732 0.024444444444444446 0.13380281690140844
15 0.26222222222222225 0.801056338028169 0.035555555555555556 0.2887323943661972
13 0.56 0.11619718309859155 0.028888888888888888 0.22535211267605634
11 0.56 0.3767605633802817 0.03111111111111111 0.29577464788732394
16 0.65 0.1073943661971831 0.11777777777777777 0.2007042253521127
4 0.6311111111111111 0.23591549295774647 0.1111111111111111 0.05985915492957746
9 0.6311111111111111 0.301056338028169 0.1111111111111111 0.07042253521126761
5 0.6311111111111111 0.3591549295774648 0.10888888888888888 0.0528169014084507
6 0.6311111111111111 0.42077464788732394 0.10888888888888888 0.07394366197183098
17 0.6311111111111111 0.4894366197183099 0.11333333333333333 0.06690140845070422
8 0.6322222222222222 0.6161971830985915 0.11333333333333333 0.18661971830985916
1 0.6333333333333333 0.8908450704225352 0.11333333333333333 0.05985915492957746
7 0.6977777777777778 0.26936619718309857 0.022222222222222223 0.1267605633802817
0 0.6977777777777778 0.39436619718309857 0.024444444444444446 0.1267605633802817
10 0.6988888888888889 0.5211267605633803 0.02666666666666667 0.1267605633802817
14 0.7011111111111111 0.6443661971830986 0.024444444444444446 0.12323943661971831
18 0.7011111111111111 0.8133802816901409 0.024444444444444446 0.2112676056338028
2 0.7222222222222222 0.397887323943662 0.03333333333333333 0.7746478873239436
3 0.7466666666666667 0.4630281690140845 0.03111111111111111 0.9049295774647887
12 0.7255555555555555 0.852112676056338 0.024444444444444446 0.13380281690140844