11 0.34549244398124024 0.3604985618408437 0.06513809275664409 0.6174496644295302
15 0.2910369984366858 0.9046021093000959 0.08494007295466388 0.18887823585810162
4 0.4744658676393955 0.062320230105465 0.21417404898384576 0.12464046021093
9 0.4757686294945284 0.19079578139980824 0.2146951537258989 0.15627996164908917
5 0.47707139134966126 0.3211888782358581 0.21313183949973943 0.12464046021093
6 0.47889525794684734 0.45397890699904125 0.2136529442417926 0.15627996164908917
17 0.4812402292860865 0.5968360498561841 0.21156852527358 0.13998082454458294
8 0.48514851485148514 0.8312559923298178 0.2136529442417926 0.33557046979865773
7 0.6050026055237102 0.13039309683604985 0.05106826472120896 0.2607861936720997
0 0.6068264721208964 0.3926174496644295 0.047941636268890045 0.27037392138063276
10 0.6102136529442418 0.6625119846596357 0.047941636268890045 0.2713326941514861
14 0.6130797290255341 0.8974113135186961 0.0484627410109432 0.20325982742090123
2 0.6521625846795206 0.49952061361457334 0.06201146430432517 0.9990412272291467
3 0.6988014590932777 0.49952061361457334 0.06044815007816571 0.9990412272291467