13 0.18359375 0.201171875 0.21223958333333334 0.0390625
16 0.181640625 0.30615234375 0.19466145833333334 0.13525390625
4 0.2981770833333333 0.28271484375 0.059244791666666664 0.12451171875
9 0.3528645833333333 0.28271484375 0.06575520833333333 0.123046875
5 0.4049479166666667 0.28369140625 0.051432291666666664 0.1220703125
6 0.45703125 0.283203125 0.06380208333333333 0.12109375
17 0.5143229166666666 0.28271484375 0.056640625 0.12060546875
8 0.6204427083333334 0.28076171875 0.16015625 0.123046875
1 0.8541666666666666 0.2744140625 0.054036458333333336 0.11865234375
18 0.7916666666666666 0.3466796875 0.18229166666666666 0.02978515625
14 0.6484375 0.35107421875 0.10611979166666667 0.02734375
10 0.54296875 0.35400390625 0.10611979166666667 0.02685546875
0 0.4381510416666667 0.35595703125 0.10481770833333333 0.02587890625
7 0.33203125 0.357421875 0.10872395833333333 0.025390625
2 0.4329427083333333 0.3798828125 0.6666666666666666 0.03955078125
3 0.494140625 0.4033203125 0.7819010416666666 0.0439453125
12 0.8248697916666666 0.37060546875 0.11783854166666667 0.02783203125
11 0.4134114583333333 0.205078125 0.251953125 0.0361328125
15 0.7421875 0.162109375 0.3209635416666667 0.0546875