15 0.18042813455657492 0.12244897959183673 0.3547400611620795 0.08163265306122448
1 0.0382262996941896 0.3408163265306122 0.07033639143730887 0.23265306122448978
18 0.11314984709480122 0.4816326530612245 0.22018348623853212 0.05714285714285714
8 0.3241590214067278 0.3346938775510204 0.19877675840978593 0.24081632653061225
11 0.5611620795107034 0.17346938775510204 0.2874617737003058 0.07755102040816327
13 0.8149847094801224 0.15306122448979592 0.22324159021406728 0.07755102040816327
14 0.290519877675841 0.47551020408163264 0.13761467889908258 0.05714285714285714
16 0.8470948012232415 0.3448979591836735 0.22935779816513763 0.2653061224489796
2 0.5519877675840978 0.5163265306122449 0.8379204892966361 0.09795918367346938
3 0.4892966360856269 0.573469387755102 0.9724770642201835 0.11020408163265306
12 0.07033639143730887 0.536734693877551 0.1345565749235474 0.061224489795918366
6 0.5214067278287462 0.32448979591836735 0.08256880733944955 0.23265306122448978
17 0.4525993883792049 0.32857142857142857 0.07033639143730887 0.23673469387755103
9 0.6467889908256881 0.3163265306122449 0.08256880733944955 0.23673469387755103
4 0.7110091743119266 0.3122448979591837 0.0764525993883792 0.24081632653061225
5 0.5840978593272171 0.3183673469387755 0.0672782874617737 0.23673469387755103
7 0.6865443425076453 0.45714285714285713 0.1345565749235474 0.05714285714285714
0 0.555045871559633 0.46122448979591835 0.13149847094801223 0.05714285714285714
10 0.4235474006116208 0.46938775510204084 0.13149847094801223 0.053061224489795916
1 0.26299694189602446 0.8346938775510204 0.07951070336391437 0.2897959183673469
8 0.5840978593272171 0.8020408163265306 0.23547400611620795 0.30612244897959184
18 0.3516819571865443 0.9755102040816327 0.25688073394495414 0.04081632653061224
17 0.7232415902140673 0.7877551020408163 0.1162079510703364 0.2816326530612245
10 0.7110091743119266 0.9591836734693877 0.16819571865443425 0.07346938775510205
14 0.5565749235474006 0.9673469387755103 0.15902140672782875 0.05714285714285714
5 0.8715596330275229 0.7755102040816326 0.1162079510703364 0.27346938775510204
6 0.8027522935779816 0.7816326530612245 0.1345565749235474 0.27755102040816326
0 0.8623853211009175 0.9469387755102041 0.1620795107033639 0.07755102040816327
9 0.9342507645259939 0.7673469387755102 0.12538226299694188 0.27755102040816326
7 0.9648318042813455 0.936734693877551 0.06422018348623854 0.07755102040816327
4 0.9709480122324159 0.7387755102040816 0.05198776758409786 0.22040816326530613
16 0.03058103975535168 0.8489795918367347 0.05504587155963303 0.2938775510204082
16 0.26299694189602446 0.03469387755102041 0.1345565749235474 0.061224489795918366
7 0.24311926605504589 0.061224489795918366 0.0581039755351682 0.02857142857142857
4 0.1834862385321101 0.036734693877551024 0.13149847094801223 0.07346938775510205
9 0.12079510703363915 0.036734693877551024 0.13149847094801223 0.07346938775510205