15 0.7092457420924574 0.9204545454545454 0.46228710462287104 0.1553030303030303
11 0.21776155717761558 0.7784090909090909 0.36739659367396593 0.11742424242424243
4 0.04744525547445255 0.5378787878787878 0.0827250608272506 0.36742424242424243
9 0.12652068126520682 0.5435606060606061 0.09245742092457421 0.3712121212121212
8 0.5316301703163017 0.5738636363636364 0.25547445255474455 0.375
18 0.7956204379562044 0.375 0.2749391727493917 0.0946969696969697
17 0.3710462287104623 0.5606060606060606 0.0948905109489051 0.36363636363636365
1 0.8771289537712895 0.6003787878787878 0.09732360097323602 0.35984848484848486
12 0.8503649635036497 0.29924242424242425 0.17761557177615572 0.09090909090909091
10 0.41849148418491483 0.3446969696969697 0.1654501216545012 0.08712121212121213
6 0.28588807785888076 0.553030303030303 0.10218978102189781 0.36742424242424243
5 0.20559610705596107 0.5492424242424242 0.07785888077858881 0.36363636363636365
0 0.25547445255474455 0.3333333333333333 0.1630170316301703 0.09090909090909091
7 0.09367396593673966 0.32007575757575757 0.1654501216545012 0.09090909090909091
3 0.47566909975669097 0.19128787878787878 0.9464720194647201 0.1553030303030303
2 0.38321167883211676 0.26325757575757575 0.7664233576642335 0.13636363636363635
14 0.5802919708029197 0.35795454545454547 0.1630170316301703 0.09090909090909091