15 0.3697813121272366 0.9166666666666666 0.04771371769383698 0.16
8 0.525844930417495 0.6616666666666666 0.1312127236580517 0.36
18 0.6113320079522863 0.9183333333333333 0.04572564612326044 0.15666666666666668
11 0.43439363817097415 0.25666666666666665 0.04970178926441352 0.45
5 0.525844930417495 0.21166666666666667 0.13320079522862824 0.11333333333333333
0 0.6133200795228628 0.265 0.041749502982107355 0.21666666666666667
2 0.6491053677932406 0.49833333333333335 0.033797216699801194 0.9966666666666667
3 0.6789264413518886 0.49833333333333335 0.02982107355864811 0.9966666666666667
6 0.525844930417495 0.32 0.13320079522862824 0.10666666666666667
10 0.6123260437375746 0.49833333333333335 0.041749502982107355 0.25333333333333335
14 0.6123260437375746 0.7316666666666667 0.041749502982107355 0.21666666666666667
9 0.525844930417495 0.11666666666666667 0.13320079522862824 0.07666666666666666
4 0.525844930417495 0.04 0.13320079522862824 0.08
7 0.614314115308151 0.08 0.0437375745526839 0.16
17 0.525844930417495 0.42833333333333334 0.1312127236580517 0.11