13 0.7799479166666666 0.83447265625 0.208984375 0.03857421875
11 0.544921875 0.8291015625 0.2623697916666667 0.03955078125
15 0.193359375 0.869140625 0.3274739583333333 0.05322265625
4 0.6692708333333334 0.75048828125 0.055989583333333336 0.1298828125
9 0.6126302083333334 0.74951171875 0.061848958333333336 0.12890625
5 0.5579427083333334 0.74853515625 0.048177083333333336 0.1279296875
6 0.501953125 0.74755859375 0.06315104166666667 0.12646484375
17 0.4427083333333333 0.7470703125 0.057942708333333336 0.12451171875
8 0.3307291666666667 0.748046875 0.16796875 0.12451171875
1 0.080078125 0.75146484375 0.05859375 0.1220703125
18 0.14713541666666666 0.6767578125 0.19791666666666666 0.02783203125
14 0.302734375 0.67431640625 0.11328125 0.02734375
10 0.416015625 0.6728515625 0.11263020833333333 0.02734375
0 0.5266927083333334 0.671875 0.109375 0.02587890625
7 0.6373697916666666 0.6728515625 0.11197916666666667 0.02734375
16 0.7877604166666666 0.7294921875 0.189453125 0.13818359375
2 0.525390625 0.6484375 0.7018229166666666 0.0302734375
12 0.11067708333333333 0.65234375 0.12825520833333334 0.02734375
3 0.4596354166666667 0.6240234375 0.8287760416666666 0.0322265625