13 0.6018518518518519 0.10208333333333333 0.05185185185185185 0.20416666666666666
15 0.6194444444444445 0.8236111111111111 0.05925925925925926 0.35
16 0.4828703703703704 0.08055555555555556 0.16944444444444445 0.16111111111111112
4 0.5027777777777778 0.19236111111111112 0.14722222222222223 0.10138888888888889
11 0.5888888888888889 0.3840277777777778 0.04722222222222222 0.375
2 0.3726851851851852 0.47152777777777777 0.05648148148148148 0.9430555555555555
3 0.3351851851851852 0.49930555555555556 0.06296296296296296 0.9986111111111111
12 0.3587962962962963 0.9680555555555556 0.041666666666666664 0.06111111111111111
18 0.39444444444444443 0.9118055555555555 0.044444444444444446 0.1736111111111111
8 0.4888888888888889 0.6972222222222222 0.14814814814814814 0.25555555555555554
14 0.4013888888888889 0.7451388888888889 0.037037037037037035 0.1736111111111111
17 0.49398148148148147 0.5291666666666667 0.14444444444444443 0.08888888888888889
15 0.6912037037037037 0.7583333333333333 0.05462962962962963 0.41388888888888886
13 0.6912037037037037 0.08541666666666667 0.05648148148148148 0.17083333333333334
9 0.49953703703703706 0.275 0.14814814814814814 0.10972222222222222
5 0.4986111111111111 0.35694444444444445 0.14444444444444443 0.08333333333333333
6 0.49583333333333335 0.4375 0.14444444444444443 0.1
7 0.4125 0.22291666666666668 0.03888888888888889 0.18055555555555555
0 0.4078703703703704 0.39791666666666664 0.03518518518518519 0.1736111111111111
10 0.40555555555555556 0.5729166666666666 0.03888888888888889 0.17777777777777778