13 0.604326923076923 0.8788461538461538 0.04519230769230769 0.23974358974358975
15 0.6475961538461539 0.14551282051282052 0.03942307692307692 0.29102564102564105
11 0.60625 0.592948717948718 0.04519230769230769 0.3371794871794872
16 0.4716346153846154 0.8903846153846153 0.17403846153846153 0.21666666666666667
8 0.5052884615384615 0.31666666666666665 0.1605769230769231 0.2141025641025641
18 0.4149038461538462 0.10576923076923077 0.0375 0.21153846153846154
2 0.3735576923076923 0.5608974358974359 0.04519230769230769 0.8756410256410256
1 0.510576923076923 0.021794871794871794 0.1576923076923077 0.04358974358974359
12 0.3817307692307692 0.06346153846153846 0.03653846153846154 0.12692307692307692
4 0.5033653846153846 0.7532051282051282 0.16153846153846155 0.06923076923076923
9 0.5033653846153846 0.6794871794871795 0.16153846153846155 0.08333333333333333
5 0.5038461538461538 0.6076923076923076 0.1605769230769231 0.0641025641025641
3 0.34278846153846154 0.49935897435897436 0.04903846153846154 0.9987179487179487
14 0.4115384615384615 0.2794871794871795 0.03461538461538462 0.1423076923076923
10 0.40865384615384615 0.42243589743589743 0.03942307692307692 0.1423076923076923
17 0.5052884615384615 0.4576923076923077 0.1625 0.07564102564102564
6 0.5043269230769231 0.5358974358974359 0.16153846153846155 0.08461538461538462
7 0.40625 0.7108974358974359 0.03461538461538462 0.14615384615384616
0 0.40673076923076923 0.5647435897435897 0.03461538461538462 0.14358974358974358