13 0.175 0.211864406779661 0.20277777777777778 0.1059322033898305
11 0.4101851851851852 0.21398305084745764 0.26851851851851855 0.10805084745762712
15 0.7712962962962963 0.11970338983050847 0.24074074074074073 0.09745762711864407
4 0.28194444444444444 0.4576271186440678 0.053703703703703705 0.3834745762711864
9 0.3402777777777778 0.4586864406779661 0.06388888888888888 0.3855932203389831
5 0.3962962962962963 0.4597457627118644 0.05 0.3855932203389831
6 0.4532407407407407 0.4597457627118644 0.06481481481481481 0.3877118644067797
17 0.5152777777777777 0.4608050847457627 0.06018518518518518 0.3855932203389831
8 0.6305555555555555 0.461864406779661 0.1712962962962963 0.3898305084745763
1 0.8819444444444444 0.4639830508474576 0.05277777777777778 0.3834745762711864
7 0.3138888888888889 0.690677966101695 0.11666666666666667 0.0847457627118644
0 0.4287037037037037 0.6927966101694916 0.11388888888888889 0.0826271186440678
10 0.5439814814814815 0.6949152542372882 0.1175925925925926 0.0826271186440678
14 0.6592592592592592 0.6970338983050848 0.11388888888888889 0.0826271186440678
18 0.812037037037037 0.6991525423728814 0.1925925925925926 0.0826271186440678
12 0.8472222222222222 0.7796610169491526 0.12222222222222222 0.0826271186440678
2 0.42962962962962964 0.7733050847457628 0.7138888888888889 0.09110169491525423
3 0.49027777777777776 0.8548728813559322 0.8361111111111111 0.08898305084745763
16 0.1638888888888889 0.5264830508474576 0.18333333333333332 0.4067796610169492