15 0.679136690647482 0.12666666666666668 0.060431654676258995 0.25333333333333335
11 0.6273381294964029 0.6916666666666667 0.0460431654676259 0.61
8 0.5194244604316547 0.195 0.17266187050359713 0.39
0 0.4143884892086331 0.6633333333333333 0.03741007194244604 0.2733333333333333
10 0.4136690647482014 0.39 0.03884892086330935 0.28
14 0.4136690647482014 0.12833333333333333 0.03884892086330935 0.25666666666666665
5 0.518705035971223 0.7366666666666667 0.1697841726618705 0.12333333333333334
17 0.518705035971223 0.4583333333333333 0.17266187050359713 0.14
6 0.518705035971223 0.6033333333333334 0.1712230215827338 0.16
4 0.5201438848920863 0.9666666666666667 0.17410071942446043 0.06
7 0.41510791366906474 0.8966666666666666 0.041726618705035974 0.2
9 0.518705035971223 0.865 0.17266187050359713 0.15333333333333332
2 0.381294964028777 0.49833333333333335 0.04316546762589928 0.9966666666666667
3 0.3431654676258993 0.49833333333333335 0.04460431654676259 0.9966666666666667