8 0.4924 0.31823027718550106 0.1544 0.21641791044776118
13 0.3816 0.8731343283582089 0.048 0.2515991471215352
1 0.498 0.035181236673773986 0.148 0.07036247334754797
15 0.362 0.14019189765458423 0.0456 0.28038379530916846
2 0.6056 0.5687633262260128 0.0488 0.8347547974413646
16 0.5056 0.8821961620469083 0.1608 0.22174840085287847
3 0.6368 0.5031982942430704 0.0456 0.964818763326226
4 0.4828 0.7388059701492538 0.1528 0.06716417910447761
7 0.574 0.7020255863539445 0.0312 0.1396588486140725
6 0.4884 0.5325159914712153 0.1528 0.08422174840085288
12 0.6152 0.08528784648187633 0.0304 0.14498933901918976
17 0.4896 0.4578891257995736 0.1512 0.07995735607675906
9 0.4848 0.6684434968017058 0.1536 0.07569296375266525
5 0.486 0.6012793176972282 0.152 0.06396588486140725
0 0.5768 0.5655650319829424 0.0312 0.13539445628997868
10 0.5804 0.4291044776119403 0.0304 0.13859275053304904
14 0.5824 0.2947761194029851 0.032 0.13646055437100213
18 0.586 0.11886993603411514 0.0304 0.22281449893390193
11 0.3912 0.5826226012793176 0.0488 0.3368869936034115