16 0.8248697916666666 0.15771484375 0.20442708333333334 0.03515625
11 0.587890625 0.154296875 0.2708333333333333 0.0361328125
16 0.8359375 0.26025390625 0.185546875 0.13623046875
4 0.716796875 0.23583984375 0.055338541666666664 0.12744140625
9 0.6575520833333334 0.23486328125 0.064453125 0.12744140625
5 0.6015625 0.23486328125 0.052083333333333336 0.1279296875
6 0.5436197916666666 0.23388671875 0.068359375 0.1279296875
17 0.48046875 0.23291015625 0.061848958333333336 0.1279296875
8 0.3626302083333333 0.23095703125 0.177734375 0.12939453125
1 0.10677083333333333 0.2275390625 0.060546875 0.12744140625
7 0.6842447916666666 0.3125 0.11848958333333333 0.02734375
0 0.5670572916666666 0.31103515625 0.11653645833333333 0.0283203125
10 0.4498697916666667 0.3095703125 0.11848958333333333 0.029296875
14 0.33203125 0.3076171875 0.1171875 0.02880859375
18 0.17447916666666666 0.30517578125 0.19856770833333334 0.029296875
2 0.564453125 0.33740234375 0.728515625 0.037109375
12 0.13736979166666666 0.33154296875 0.12760416666666666 0.02783203125
3 0.5013020833333334 0.36328125 0.857421875 0.03759765625
15 0.22981770833333334 0.10595703125 0.3411458333333333 0.05712890625