13 0.6732673267326733 0.043333333333333335 0.055445544554455446 0.08666666666666667
11 0.6683168316831684 0.365 0.055445544554455446 0.5633333333333334
15 0.7069306930693069 0.925 0.05148514851485148 0.14333333333333334
4 0.5415841584158416 0.07833333333333334 0.2099009900990099 0.14
9 0.5405940594059406 0.20166666666666666 0.21188118811881188 0.15
5 0.5386138613861386 0.32666666666666666 0.2099009900990099 0.11333333333333333
6 0.5386138613861386 0.45666666666666667 0.2079207920792079 0.14666666666666667
17 0.5376237623762377 0.5916666666666667 0.2079207920792079 0.14
8 0.5366336633663367 0.8216666666666667 0.2099009900990099 0.35
7 0.41287128712871285 0.135 0.047524752475247525 0.26666666666666666
0 0.41089108910891087 0.3983333333333333 0.047524752475247525 0.26666666666666666
10 0.4099009900990099 0.6616666666666666 0.047524752475247525 0.26
14 0.41089108910891087 0.8916666666666667 0.04950495049504951 0.21
2 0.3683168316831683 0.49833333333333335 0.055445544554455446 0.9966666666666667
3 0.3178217821782178 0.49833333333333335 0.05742574257425743 0.9966666666666667