13 0.66875 0.08333333333333333 0.0575 0.16666666666666666
15 0.71625 0.8566666666666667 0.0525 0.28
11 0.6675 0.36333333333333334 0.0525 0.4
2 0.39625 0.4583333333333333 0.0475 0.9166666666666666
3 0.35875 0.49833333333333335 0.0475 0.9966666666666667
16 0.515 0.06833333333333333 0.2 0.13666666666666666
4 0.55 0.17333333333333334 0.1875 0.08666666666666667
9 0.55 0.26166666666666666 0.1875 0.09666666666666666
8 0.54875 0.6883333333333334 0.185 0.25
17 0.54875 0.52 0.1875 0.09
5 0.54875 0.3433333333333333 0.1875 0.07666666666666666
6 0.55 0.42833333333333334 0.1875 0.09666666666666666
12 0.40125 0.9533333333333334 0.0425 0.08666666666666667
7 0.435 0.22 0.04 0.17666666666666667
14 0.4375 0.73 0.04 0.16666666666666666
18 0.43875 0.9033333333333333 0.0425 0.18666666666666668
0 0.43625 0.3933333333333333 0.04 0.17333333333333334
10 0.435 0.5633333333333334 0.0425 0.17