13 0.30466666666666664 0.07819905213270142 0.04133333333333333 0.15639810426540285
11 0.298 0.3909952606635071 0.034666666666666665 0.476303317535545
15 0.27 0.8566350710900474 0.04666666666666667 0.28199052132701424
16 0.42 0.054502369668246446 0.16533333333333333 0.10900473933649289
4 0.38466666666666666 0.14454976303317535 0.14266666666666666 0.12322274881516587
9 0.38333333333333336 0.25829383886255924 0.14 0.12796208530805686
5 0.382 0.37203791469194314 0.14133333333333334 0.1018957345971564
6 0.37933333333333336 0.4822274881516588 0.14 0.13981042654028436
17 0.38066666666666665 0.5971563981042654 0.13733333333333334 0.14454976303317535
8 0.38333333333333336 0.8092417061611374 0.136 0.36018957345971564
2 0.51 0.49881516587677727 0.05733333333333333 0.9976303317535545
3 0.5446666666666666 0.49881516587677727 0.06266666666666666 0.9976303317535545
7 0.4706666666666667 0.20023696682464456 0.04 0.24644549763033174
0 0.466 0.4395734597156398 0.034666666666666665 0.23459715639810427
10 0.4646666666666667 0.6706161137440758 0.034666666666666665 0.23933649289099526
14 0.4686666666666667 0.8874407582938388 0.03333333333333333 0.22037914691943128