15 0.22163461538461537 0.732051282051282 0.23365384615384616 0.05
1 0.1293269230769231 0.5487179487179488 0.05 0.20897435897435898
13 0.7879807692307692 0.6826923076923077 0.1971153846153846 0.05897435897435897
11 0.5629807692307692 0.683974358974359 0.25384615384615383 0.06153846153846154
16 0.7975961538461539 0.5044871794871795 0.17884615384615385 0.23076923076923078
4 0.6836538461538462 0.5455128205128205 0.052884615384615384 0.2153846153846154
9 0.6283653846153846 0.5467948717948717 0.06153846153846154 0.21666666666666667
8 0.3591346153846154 0.5474358974358975 0.15673076923076923 0.2141025641025641
18 0.1918269230769231 0.4237179487179487 0.17692307692307693 0.046153846153846156
0 0.54375 0.4185897435897436 0.10865384615384616 0.046153846153846156
17 0.4634615384615385 0.5480769230769231 0.05576923076923077 0.2153846153846154
2 0.55 0.37243589743589745 0.6701923076923076 0.05641025641025641
6 0.5211538461538462 0.5480769230769231 0.06346153846153846 0.2153846153846154
5 0.5754807692307692 0.5480769230769231 0.047115384615384615 0.2153846153846154
12 0.1596153846153846 0.37948717948717947 0.11153846153846154 0.04358974358974359
3 0.49375 0.32884615384615384 0.7798076923076923 0.057692307692307696
14 0.3317307692307692 0.42115384615384616 0.10480769230769231 0.046153846153846156
10 0.43653846153846154 0.4198717948717949 0.10576923076923077 0.047435897435897434
7 0.6533653846153846 0.41602564102564105 0.11153846153846154 0.047435897435897434