13 0.7838541666666666 0.244140625 0.047526041666666664 0.16064453125
11 0.7838541666666666 0.43017578125 0.048177083333333336 0.21142578125
15 0.8463541666666666 0.71142578125 0.076171875 0.2607421875
4 0.6712239583333334 0.33056640625 0.17838541666666666 0.044921875
9 0.6705729166666666 0.3759765625 0.17838541666666666 0.05078125
5 0.6705729166666666 0.419921875 0.177734375 0.0400390625
6 0.6712239583333334 0.46435546875 0.177734375 0.0517578125
17 0.6712239583333334 0.5126953125 0.17838541666666666 0.04638671875
8 0.671875 0.60302734375 0.1796875 0.13427734375
1 0.6731770833333334 0.7998046875 0.177734375 0.04248046875
7 0.5638020833333334 0.3564453125 0.037760416666666664 0.09130859375
0 0.5631510416666666 0.4462890625 0.037109375 0.0888671875
10 0.5638020833333334 0.53515625 0.036458333333333336 0.0888671875
14 0.564453125 0.6240234375 0.037109375 0.0888671875
18 0.5651041666666666 0.744140625 0.037109375 0.15087890625
12 0.5279947916666666 0.77099609375 0.035807291666666664 0.095703125
2 0.52734375 0.44482421875 0.038411458333333336 0.5556640625
16 0.638671875 0.23828125 0.18815104166666666 0.14599609375
3 0.490234375 0.49267578125 0.039713541666666664 0.650390625