13 0.1344463971880492 0.24166666666666667 0.22847100175746923 0.125
11 0.3989455184534271 0.23958333333333334 0.3022847100175747 0.12083333333333333
15 0.8084358523725835 0.12291666666666666 0.28295254833040423 0.1125
16 0.12214411247803164 0.6104166666666667 0.2038664323374341 0.475
4 0.2539543057996485 0.525 0.05975395430579965 0.45416666666666666
9 0.3189806678383128 0.525 0.070298769771529 0.45416666666666666
5 0.38137082601054484 0.525 0.05799648506151142 0.45416666666666666
6 0.44551845342706503 0.525 0.07381370826010544 0.45416666666666666
17 0.515817223198594 0.525 0.06678383128295255 0.45416666666666666
8 0.6449912126537786 0.525 0.19332161687170474 0.45416666666666666
1 0.9279437609841827 0.525 0.061511423550087874 0.45416666666666666
7 0.28734622144112476 0.7979166666666667 0.1282952548330404 0.09583333333333334
0 0.4165202108963093 0.8 0.13181019332161686 0.09583333333333334
10 0.5474516695957821 0.8 0.13005272407732865 0.09583333333333334
14 0.6766256590509666 0.8 0.1282952548330404 0.09583333333333334
18 0.8488576449912126 0.8 0.21616871704745166 0.09583333333333334
2 0.4191564147627416 0.8958333333333334 0.7978910369068541 0.09166666666666666
12 0.8884007029876977 0.8958333333333334 0.13884007029876977 0.1
3 0.48857644991212656 0.96875 0.9384885764499121 0.05416666666666667