11 0.6233333333333333 0.3211538461538462 0.045 0.6153846153846154
15 0.6675 0.9384615384615385 0.045 0.11538461538461539
4 0.5183333333333333 0.04423076923076923 0.17333333333333334 0.08846153846153847
9 0.5175 0.15384615384615385 0.17166666666666666 0.14615384615384616
8 0.5158333333333334 0.8096153846153846 0.17166666666666666 0.3730769230769231
5 0.5175 0.2826923076923077 0.17166666666666666 0.11538461538461539
6 0.5175 0.4153846153846154 0.17 0.15384615384615385
17 0.5166666666666667 0.5596153846153846 0.17 0.1423076923076923
7 0.41583333333333333 0.11346153846153846 0.03833333333333333 0.22692307692307692
2 0.38 0.4980769230769231 0.04 0.9961538461538462
0 0.415 0.3576923076923077 0.03666666666666667 0.2692307692307692
10 0.4141666666666667 0.6230769230769231 0.03666666666666667 0.2692307692307692
14 0.4141666666666667 0.8730769230769231 0.03833333333333333 0.24615384615384617
3 0.3433333333333333 0.4980769230769231 0.043333333333333335 0.9961538461538462