13 0.7786458333333334 0.25048828125 0.201171875 0.03369140625
11 0.544921875 0.25244140625 0.2669270833333333 0.03564453125
16 0.79296875 0.35400390625 0.18359375 0.13525390625
4 0.6744791666666666 0.33056640625 0.054036458333333336 0.12841796875
9 0.6165364583333334 0.33251953125 0.06380208333333333 0.1279296875
5 0.5611979166666666 0.3330078125 0.05078125 0.1279296875
6 0.5045572916666666 0.3330078125 0.06640625 0.12841796875
17 0.443359375 0.333984375 0.060546875 0.12890625
8 0.3268229166666667 0.33447265625 0.17708333333333334 0.12841796875
1 0.072265625 0.33740234375 0.057291666666666664 0.12890625
7 0.6451822916666666 0.40869140625 0.11458333333333333 0.02783203125
0 0.5305989583333334 0.40966796875 0.11393229166666667 0.02783203125
10 0.4166666666666667 0.41162109375 0.11588541666666667 0.02783203125
14 0.3014322916666667 0.41259765625 0.11588541666666667 0.02783203125
18 0.14453125 0.41357421875 0.19661458333333334 0.02783203125
2 0.5286458333333334 0.43603515625 0.7115885416666666 0.03564453125
3 0.4654947916666667 0.46337890625 0.8365885416666666 0.037109375
12 0.10872395833333333 0.44091796875 0.125 0.0283203125
15 0.17903645833333334 0.212890625 0.3411458333333333 0.048828125