15 0.32686567164179103 0.11166666666666666 0.06567164179104477 0.22333333333333333
11 0.3776119402985075 0.6583333333333333 0.04626865671641791 0.61
8 0.4880597014925373 0.17666666666666667 0.1791044776119403 0.35333333333333333
2 0.6328358208955224 0.49833333333333335 0.050746268656716415 0.9966666666666667
3 0.6716417910447762 0.49833333333333335 0.0626865671641791 0.9966666666666667
4 0.4880597014925373 0.9433333333333334 0.18208955223880596 0.10666666666666667
7 0.5977611940298507 0.8716666666666667 0.04029850746268657 0.25
0 0.5970149253731343 0.6133333333333333 0.041791044776119404 0.27666666666666667
10 0.5962686567164179 0.3416666666666667 0.041791044776119404 0.27
14 0.5940298507462687 0.105 0.041791044776119404 0.21
6 0.4880597014925373 0.5533333333333333 0.1746268656716418 0.15333333333333332
17 0.4880597014925373 0.415 0.1746268656716418 0.14
9 0.48880597014925375 0.82 0.1791044776119403 0.15666666666666668
5 0.48880597014925375 0.69 0.17761194029850746 0.12