13 0.18 0.2018348623853211 0.206 0.10091743119266056
15 0.792 0.09174311926605505 0.256 0.10550458715596331
2 0.437 0.7706422018348624 0.72 0.0871559633027523
3 0.498 0.8532110091743119 0.842 0.09174311926605505
12 0.857 0.768348623853211 0.124 0.0871559633027523
1 0.892 0.44724770642201833 0.056 0.3944954128440367
18 0.823 0.6857798165137615 0.194 0.0871559633027523
7 0.319 0.6880733944954128 0.118 0.08256880733944955
0 0.435 0.6880733944954128 0.118 0.0871559633027523
10 0.552 0.6857798165137615 0.116 0.08256880733944955
14 0.669 0.6880733944954128 0.116 0.08256880733944955
16 0.17 0.5252293577981652 0.182 0.42201834862385323
4 0.288 0.44954128440366975 0.056 0.3944954128440367
9 0.347 0.44954128440366975 0.064 0.3944954128440367
8 0.639 0.44724770642201833 0.176 0.39908256880733944
17 0.522 0.44724770642201833 0.06 0.3944954128440367
5 0.402 0.44954128440366975 0.05 0.3944954128440367
6 0.46 0.44724770642201833 0.068 0.3944954128440367
11 0.418 0.2018348623853211 0.27 0.10091743119266056