15 0.337 0.05394190871369295 0.038 0.1078838174273859
11 0.376 0.6120331950207469 0.046 0.5560165975103735
13 0.376 0.941908713692946 0.048 0.1078838174273859
7 0.59 0.8298755186721992 0.038 0.24896265560165975
8 0.487 0.17012448132780084 0.174 0.34024896265560167
2 0.627 0.4979253112033195 0.042 0.995850622406639
3 0.665 0.4979253112033195 0.042 0.995850622406639
4 0.485 0.8941908713692946 0.172 0.12033195020746888
0 0.59 0.5809128630705395 0.036 0.24896265560165975
5 0.486 0.6473029045643154 0.172 0.11203319502074689
17 0.486 0.3941908713692946 0.172 0.12448132780082988
9 0.485 0.7697095435684648 0.172 0.13692946058091288
6 0.486 0.524896265560166 0.172 0.13692946058091288
14 0.591 0.10580912863070539 0.038 0.21161825726141079
10 0.59 0.33195020746887965 0.036 0.24896265560165975