13 0.1975 0.30833333333333335 0.2025 0.06
15 0.7725 0.25666666666666665 0.2125 0.05333333333333334
16 0.19 0.4866666666666667 0.18 0.23666666666666666
8 0.6425 0.44666666666666666 0.1675 0.22
11 0.43 0.30833333333333335 0.26 0.06
4 0.30625 0.44666666666666666 0.0525 0.22
9 0.36125 0.44666666666666666 0.0625 0.22
5 0.415 0.44666666666666666 0.05 0.22
6 0.47125 0.44666666666666666 0.065 0.22
17 0.53125 0.44666666666666666 0.0575 0.22333333333333333
2 0.45 0.6266666666666667 0.7025 0.04666666666666667
3 0.505 0.675 0.8125 0.05
1 0.8825 0.45 0.0525 0.21666666666666667
7 0.335 0.5783333333333334 0.1125 0.04666666666666667
0 0.4475 0.58 0.115 0.05
10 0.56 0.5783333333333334 0.115 0.043333333333333335
14 0.67125 0.5783333333333334 0.1075 0.043333333333333335
18 0.8175 0.5783333333333334 0.185 0.04666666666666667
12 0.855 0.625 0.11 0.04666666666666667