13 0.13139204545454544 0.7935103244837758 0.2315340909090909 0.11209439528023599
11 0.39985795454545453 0.7949852507374632 0.3053977272727273 0.10914454277286136
15 0.8025568181818182 0.8997050147492626 0.26136363636363635 0.10914454277286136
16 0.12002840909090909 0.46755162241887904 0.20454545454545456 0.41887905604719766
4 0.25355113636363635 0.5412979351032449 0.0625 0.40117994100294985
9 0.3181818181818182 0.5412979351032449 0.07102272727272728 0.40117994100294985
5 0.38139204545454547 0.5412979351032449 0.05823863636363636 0.40117994100294985
6 0.4460227272727273 0.5427728613569321 0.07670454545454546 0.40412979351032446
17 0.5184659090909091 0.5427728613569321 0.06818181818181818 0.40117994100294985
8 0.6484375 0.5412979351032449 0.19602272727272727 0.40117994100294985
1 0.9339488636363636 0.5427728613569321 0.0625 0.40117994100294985
7 0.2869318181818182 0.2994100294985251 0.13210227272727273 0.08259587020648967
0 0.4190340909090909 0.2994100294985251 0.13494318181818182 0.0855457227138643
10 0.5504261363636364 0.2994100294985251 0.13068181818181818 0.09144542772861357
14 0.6818181818181818 0.29793510324483774 0.13210227272727273 0.09144542772861357
18 0.8558238636363636 0.29793510324483774 0.21732954545454544 0.09144542772861357
2 0.42045454545454547 0.2153392330383481 0.8082386363636364 0.0855457227138643
12 0.8955965909090909 0.2153392330383481 0.13920454545454544 0.0855457227138643
3 0.49076704545454547 0.12979351032448377 0.9488636363636364 0.0855457227138643