11 0.32866666666666666 0.6342835708927231 0.5186666666666667 0.072768192048012
4 0.068 0.5251312828207052 0.124 0.19579894973743436
2 0.49933333333333335 0.36196549137284323 0.9986666666666667 0.06676669167291822
7 0.124 0.40660165041260315 0.244 0.04351087771942986
9 0.18866666666666668 0.522880720180045 0.14266666666666666 0.1942985746436609
5 0.29933333333333334 0.518754688672168 0.10666666666666667 0.19129782445611404
6 0.4066666666666667 0.5161290322580645 0.13066666666666665 0.18604651162790697
17 0.5206666666666667 0.5127531882970743 0.11866666666666667 0.17929482370592648
8 0.738 0.505251312828207 0.332 0.18529632408102026
15 0.8513333333333334 0.6766691672918229 0.2946666666666667 0.07201800450112528
3 0.49933333333333335 0.3169542385596399 0.9986666666666667 0.07126781695423856