13 0.627 0.05042016806722689 0.046 0.10084033613445378
11 0.627 0.38445378151260506 0.048 0.5714285714285714
15 0.67 0.9432773109243697 0.044 0.10504201680672269
4 0.517 0.09873949579831932 0.172 0.12184873949579832
9 0.517 0.22268907563025211 0.174 0.13445378151260504
5 0.516 0.3445378151260504 0.174 0.1134453781512605
6 0.517 0.47058823529411764 0.174 0.13865546218487396
17 0.516 0.6071428571428571 0.174 0.12605042016806722
8 0.517 0.8319327731092437 0.174 0.3277310924369748
7 0.413 0.16176470588235295 0.04 0.25630252100840334
0 0.411 0.41386554621848737 0.038 0.25630252100840334
10 0.412 0.6701680672268907 0.04 0.25630252100840334
14 0.413 0.8970588235294118 0.046 0.19747899159663865
2 0.376 0.49789915966386555 0.04 0.9957983193277311
3 0.34 0.49789915966386555 0.044 0.9957983193277311