15 0.22163461538461537 0.26794871794871794 0.23365384615384616 0.05
1 0.1293269230769231 0.4512820512820513 0.05 0.20897435897435898
13 0.7879807692307692 0.3173076923076923 0.1971153846153846 0.05897435897435897
11 0.5629807692307692 0.316025641025641 0.25384615384615383 0.06153846153846154
16 0.7975961538461539 0.49551282051282053 0.17884615384615385 0.23076923076923078
4 0.6836538461538462 0.4544871794871795 0.052884615384615384 0.2153846153846154
9 0.6283653846153846 0.4532051282051282 0.06153846153846154 0.21666666666666667
8 0.3591346153846154 0.45256410256410257 0.15673076923076923 0.2141025641025641
18 0.1918269230769231 0.5762820512820512 0.17692307692307693 0.046153846153846156
0 0.54375 0.5814102564102565 0.10865384615384616 0.046153846153846156
17 0.4634615384615385 0.4519230769230769 0.05576923076923077 0.2153846153846154
2 0.55 0.6275641025641026 0.6701923076923076 0.05641025641025641
6 0.5211538461538462 0.4519230769230769 0.06346153846153846 0.2153846153846154
5 0.5754807692307692 0.4519230769230769 0.047115384615384615 0.2153846153846154
12 0.1596153846153846 0.6205128205128205 0.11153846153846154 0.04358974358974359
3 0.49375 0.6711538461538461 0.7798076923076923 0.057692307692307696
14 0.3317307692307692 0.5788461538461539 0.10480769230769231 0.046153846153846156
10 0.43653846153846154 0.5801282051282052 0.10576923076923077 0.047435897435897434
7 0.6533653846153846 0.583974358974359 0.11153846153846154 0.047435897435897434