15 0.8109375 0.9254237288135593 0.2609375 0.08813559322033898
13 0.1609375 0.8203389830508474 0.21875 0.10508474576271186
11 0.415625 0.823728813559322 0.2921875 0.10847457627118644
16 0.15 0.5 0.196875 0.42033898305084744
8 0.65546875 0.5779661016949152 0.1875 0.39322033898305087
4 0.278125 0.5745762711864407 0.059375 0.39322033898305087
9 0.34140625 0.5745762711864407 0.06875 0.39661016949152544
5 0.40234375 0.5745762711864407 0.0546875 0.4
6 0.4625 0.576271186440678 0.0734375 0.4
17 0.53046875 0.5779661016949152 0.0640625 0.39661016949152544
7 0.31171875 0.3338983050847458 0.128125 0.0847457627118644
0 0.4375 0.33559322033898303 0.125 0.0847457627118644
10 0.5625 0.3389830508474576 0.1265625 0.08135593220338982
14 0.6875 0.3389830508474576 0.125 0.0847457627118644
1 0.92734375 0.5813559322033899 0.059375 0.4
18 0.853125 0.34067796610169493 0.209375 0.08135593220338982
12 0.89140625 0.2593220338983051 0.134375 0.0847457627118644
2 0.4390625 0.25254237288135595 0.7703125 0.09491525423728814
3 0.50625 0.1694915254237288 0.903125 0.09491525423728814