13 0.12334437086092716 0.23657718120805368 0.24668874172185432 0.1040268456375839
11 0.41307947019867547 0.24328859060402686 0.3394039735099338 0.11073825503355705
4 0.2433774834437086 0.5016778523489933 0.08443708609271523 0.4261744966442953
9 0.31870860927152317 0.5016778523489933 0.08940397350993377 0.4261744966442953
5 0.3923841059602649 0.5033557046979866 0.06788079470198675 0.4261744966442953
6 0.4693708609271523 0.5067114093959731 0.08774834437086093 0.4228187919463087
17 0.5504966887417219 0.5083892617449665 0.08278145695364239 0.4228187919463087
8 0.6986754966887417 0.5100671140939598 0.23178807947019867 0.4228187919463087
1 0.9751655629139073 0.5151006711409396 0.046357615894039736 0.40604026845637586
15 0.8518211920529801 0.1644295302013423 0.29304635761589404 0.09395973154362416
16 0.10678807947019868 0.575503355704698 0.21357615894039736 0.4597315436241611
7 0.277317880794702 0.761744966442953 0.1605960264900662 0.1040268456375839
0 0.43543046357615894 0.7651006711409396 0.15728476821192053 0.10067114093959731
10 0.5910596026490066 0.7667785234899329 0.15562913907284767 0.10067114093959731
14 0.7425496688741722 0.7701342281879194 0.15066225165562913 0.09731543624161074
18 0.9064569536423841 0.7667785234899329 0.1837748344370861 0.09731543624161074
2 0.45612582781456956 0.8590604026845637 0.9122516556291391 0.11409395973154363
12 0.9519867549668874 0.8573825503355704 0.09271523178807947 0.09731543624161074
3 0.4991721854304636 0.9496644295302014 0.9983443708609272 0.09395973154362416