11 0.3365 0.23043478260869565 0.041 0.4608695652173913
15 0.2945 0.7815217391304348 0.047 0.4326086956521739
4 0.428 0.009782608695652175 0.144 0.01956521739130435
9 0.4275 0.07608695652173914 0.143 0.11521739130434783
5 0.4275 0.18043478260869567 0.144 0.09347826086956522
6 0.4275 0.2858695652173913 0.145 0.12173913043478261
17 0.427 0.4 0.145 0.1108695652173913
8 0.427 0.6130434782608696 0.144 0.3173913043478261
7 0.5145 0.06739130434782609 0.031 0.13478260869565217
0 0.514 0.2391304347826087 0.03 0.2108695652173913
10 0.514 0.4532608695652174 0.031 0.21521739130434783
14 0.514 0.6663043478260869 0.031 0.20869565217391303
18 0.514 0.883695652173913 0.032 0.22826086956521738
2 0.545 0.45108695652173914 0.032 0.9021739130434783
3 0.5755 0.4989130434782609 0.033 0.9978260869565218
12 0.5445 0.9489130434782609 0.031 0.09782608695652174