13 0.354 0.29 0.038 0.38333333333333336
16 0.482 0.23166666666666666 0.172 0.39666666666666667
7 0.553 0.5116666666666667 0.04 0.24
4 0.454 0.4683333333333333 0.162 0.13333333333333333
9 0.455 0.5783333333333334 0.162 0.14
5 0.456 0.6866666666666666 0.164 0.11333333333333333
6 0.456 0.795 0.162 0.13666666666666666
17 0.458 0.9133333333333333 0.162 0.11666666666666667
11 0.356 0.725 0.042 0.49666666666666665
2 0.593 0.51 0.054 0.9733333333333334
0 0.555 0.7416666666666667 0.04 0.23333333333333334
3 0.631 0.5033333333333333 0.054 0.9866666666666667
10 0.558 0.925 0.04 0.14333333333333334
13 0.783 0.20666666666666667 0.034 0.41333333333333333
11 0.784 0.69 0.028 0.5666666666666667