11 0.3783359497645212 0.5677966101694916 0.058084772370486655 0.7050847457627119
4 0.5149136577708007 0.9067796610169492 0.21664050235478807 0.15254237288135594
9 0.5141287284144427 0.747457627118644 0.2150706436420722 0.17288135593220338
5 0.5141287284144427 0.5949152542372881 0.2150706436420722 0.13898305084745763
6 0.5141287284144427 0.4406779661016949 0.21350078492935637 0.1864406779661017
17 0.5133437990580848 0.27627118644067794 0.21350078492935637 0.17966101694915254
8 0.5117739403453689 0.10677966101694915 0.21350078492935637 0.2135593220338983
7 0.6475667189952904 0.8220338983050848 0.05180533751962323 0.3288135593220339
0 0.6452119309262166 0.5 0.05023547880690738 0.31864406779661014
10 0.641287284144427 0.1847457627118644 0.05023547880690738 0.3220338983050847
2 0.6915227629513344 0.49830508474576274 0.06750392464678179 0.9966101694915255
3 0.7158555729984302 0.49830508474576274 0.02511773940345369 0.9966101694915255